MPA Model
Parameters:
- m0:20.0
- ro:2.3

 Size : 998
 Size of core : 6
 % of P2P links : 0.1
 % of nodes in level 1 : 0.5
 % of nodes in level 2 : 13.73
 % of nodes in level 3 : 26.45
 % of nodes in level 4 : 33.17
 % of nodes in level 5 : 22.75
 % of nodes in level 6 : 3.41
 Degree of level 1 : 24.4
 Degree of level 2 : 5.11
 Degree of level 3 : 5.09
 Degree of level 4 : 3.27
 Degree of level 5 : 2.46
 Degree of level 6 : 2.12

1 (1)  [7, 26, 31, 32, 36, 64, 71, 75, 80, 88, 104, 105, 121, 123, 126, 129, 152, 153]
2 (1)  [4, 12, 19, 26, 35, 40, 55, 60, 61, 68, 73, 79, 89, 108, 118, 119, 127, 131]
3 (1)  [4, 15, 21, 26, 28, 37, 41, 57, 76, 78, 85, 87, 90, 91, 92, 110, 128, 139, 145]
4 (1)  [2, 3, 8, 17, 20, 22, 23, 25, 26, 30, 38, 52, 53, 54, 63, 70, 74, 97, 98, 100, 107, 109, 114, 115, 117, 122, 136, 137, 138, 146, 148]
5 (1)  [11, 13, 14, 18, 24, 29, 33, 34, 39, 42, 44, 48, 50, 51, 56, 58, 62, 65, 66, 69, 72, 77, 81, 82, 93, 102, 111, 113, 116, 124, 125, 130, 140, 143, 147, 150]
6 (2)  [26, 540]
7 (3)  [1, 127]
8 (2)  [4, 538]
9 (3)  [26, 121]
10 (2)  [26, 531]
11 (3)  [5, 147]
12 (3)  [2, 133]
13 (2)  [5, 534]
14 (2)  [5, 529]
15 (3)  [3, 63]
16 (2)  [26, 520]
17 (2)  [4, 322]
18 (2)  [5, 464]
19 (2)  [2, 475]
20 (2)  [4, 515]
21 (2)  [3, 525]
22 (2)  [4, 481]
23 (2)  [4, 492]
24 (2)  [5, 457]
25 (2)  [4, 438]
26 (3)  [4, 147]
27 (2)  [26, 441]
28 (2)  [3, 480]
29 (2)  [5, 482]
30 (2)  [4, 506]
31 (2)  [1, 543]
32 (2)  [1, 510]
33 (2)  [5, 454]
34 (2)  [5, 484]
35 (2)  [2, 497]
36 (2)  [1, 26]
37 (2)  [3, 328]
38 (3)  [4, 119]
39 (2)  [5, 320]
40 (2)  [2, 494]
41 (2)  [3, 530]
42 (2)  [5, 535]
43 (2)  [26, 527]
44 (2)  [5, 447]
45 (2)  [26, 469]
46 (2)  [26, 535]
47 (2)  [26, 445]
48 (2)  [5, 463]
49 (2)  [26, 448]
50 (2)  [5, 501]
51 (2)  [5, 535]
52 (2)  [4, 324, 517]
53 (2)  [4, 488, 518]
54 (2)  [4, 190, 484]
55 (2)  [2, 491, 541]
56 (2)  [5, 83, 191]
57 (2)  [3, 362, 541]
58 (3)  [5, 151, 366]
59 (2)  [26, 432, 472]
60 (2)  [2, 130, 230]
61 (2)  [2, 295, 542]
62 (2)  [5, 120, 423]
63 (2)  [4, 15, 537]
64 (2)  [1, 260, 535]
65 (2)  [5, 144, 205]
66 (2)  [5, 457, 505]
67 (3)  [26, 149, 349]
68 (2)  [2, 194, 526]
69 (3)  [5, 136, 379]
70 (2)  [4, 26, 369]
71 (2)  [1, 141, 226]
72 (2)  [5, 305, 493]
73 (2)  [2, 309, 516]
74 (2)  [4, 249, 537]
75 (2)  [1, 276, 394]
76 (2)  [3, 78, 388]
77 (2)  [5, 259, 394]
78 (2)  [3, 76, 258]
79 (2)  [2, 308, 543]
80 (2)  [1, 265, 474]
81 (2)  [5, 281, 390]
82 (2)  [5, 116, 296]
83 (3)  [26, 56, 152, 303]
84 (2)  [26, 175, 499, 530]
85 (2)  [3, 302, 349, 428]
86 (2)  [26, 111, 313, 335]
87 (2)  [3, 170, 356, 533]
88 (2)  [1, 212, 273, 543]
89 (2)  [2, 185, 200, 521]
90 (2)  [3, 270, 304, 464]
91 (2)  [3, 117, 355, 446]
92 (2)  [3, 135, 244, 378]
93 (2)  [5, 252, 458, 498]
94 (2)  [26, 227, 412, 432]
95 (2)  [26, 284, 336, 415]
96 (2)  [26, 133, 373, 416]
97 (2)  [4, 251, 360, 477]
98 (2)  [4, 222, 238, 543]
99 (2)  [26, 219, 261, 319]
100 (2)  [4, 247, 299, 461]
101 (2)  [26, 255, 277, 522]
102 (2)  [5, 218, 338, 367, 390]
103 (2)  [26, 303, 380, 500, 542]
104 (2)  [1, 159, 291, 363, 504]
105 (2)  [1, 254, 311, 422, 537]
106 (2)  [26, 127, 171, 216, 409]
107 (2)  [4, 166, 187, 292, 543]
108 (2)  [2, 203, 207, 242, 435]
109 (2)  [4, 151, 162, 245, 366, 474]
110 (2)  [3, 199, 280, 433, 499, 530]
111 (2)  [5, 86, 183, 339, 379, 518]
112 (2)  [26, 284, 325, 421, 439, 528]
113 (2)  [5, 169, 206, 343, 391, 513]
114 (2)  [4, 263, 293, 382, 499, 508]
115 (2)  [4, 215, 332, 333, 337, 430]
116 (2)  [5, 82, 173, 458, 459, 527]
117 (2)  [4, 91, 152, 184, 256, 467, 533]
118 (2)  [2, 138, 147, 234, 255, 268, 496]
119 (2)  [2, 38, 189, 197, 322, 419, 517]
120 (2)  [26, 62, 148, 186, 208, 267, 437]
121 (2)  [1, 9, 192, 272, 440, 473, 519]
122 (2)  [4, 144, 159, 262, 357, 449, 523]
123 (2)  [1, 237, 253, 327, 482, 509, 527]
124 (2)  [5, 176, 278, 285, 403, 450, 518]
125 (2)  [5, 131, 182, 338, 371, 376, 448]
126 (2)  [1, 188, 196, 209, 288, 377, 476]
127 (2)  [2, 7, 106, 157, 172, 348, 400, 426]
128 (2)  [3, 195, 232, 282, 309, 351, 381, 512]
129 (2)  [1, 228, 257, 307, 455, 468, 494, 527, 539]
130 (2)  [5, 60, 301, 333, 364, 413, 465, 490, 494]
131 (2)  [2, 125, 224, 359, 370, 386, 397, 414, 526]
132 (2)  [26, 250, 290, 314, 319, 411, 430, 466, 511]
133 (2)  [12, 26, 96, 208, 283, 374, 387, 438, 514]
134 (2)  [26, 165, 243, 404, 410, 494, 501, 502, 512, 543]
135 (2)  [26, 92, 192, 193, 214, 354, 466, 504, 520, 526]
136 (2)  [4, 69, 154, 179, 209, 225, 420, 434, 502, 505]
137 (2)  [4, 26, 167, 198, 231, 240, 400, 444, 474, 484]
138 (2)  [4, 118, 150, 216, 401, 407, 424, 430, 479, 485]
139 (2)  [3, 221, 229, 293, 329, 345, 398, 402, 516, 534]
140 (2)  [5, 163, 210, 217, 279, 323, 361, 375, 451, 537]
141 (2)  [26, 71, 142, 186, 310, 320, 340, 353, 425, 477]
142 (2)  [26, 141, 270, 300, 344, 368, 440, 442, 453, 483, 532]
143 (2)  [5, 146, 239, 289, 315, 341, 429, 457, 486, 487, 542]
144 (2)  [26, 65, 122, 155, 330, 392, 399, 417, 443, 456, 520]
145 (2)  [3, 181, 286, 297, 352, 365, 372, 436, 461, 489, 541]
146 (2)  [4, 143, 157, 160, 211, 269, 332, 407, 454, 462, 504, 507]
147 (2)  [5, 11, 26, 118, 266, 395, 406, 431, 460, 471, 490, 522]
148 (2)  [4, 120, 202, 235, 248, 251, 271, 331, 346, 488, 513, 530, 536, 539]
149 (2)  [26, 67, 180, 183, 233, 246, 294, 316, 350, 408, 445, 447, 454, 535]
150 (2)  [5, 138, 153, 156, 194, 204, 318, 340, 347, 390, 405, 484, 495, 530, 534, 538]
151 (2)  [26, 58, 109, 178, 213, 220, 241, 264, 274, 287, 321, 393, 427, 513, 527, 535]
152 (2)  [1, 83, 117, 168, 174, 201, 223, 295, 306, 317, 326, 334, 342, 358, 452, 524, 533]
153 (2)  [1, 150, 158, 161, 164, 177, 236, 245, 275, 298, 312, 383, 384, 385, 389, 396, 418, 433, 470, 473, 478, 483, 503, 506, 537, 540, 543]
154 (4)  [136, 213]
155 (4)  [144, 532]
156 (4)  [150, 524]
157 (3)  [127, 146]
158 (4)  [153, 517]
159 (3)  [104, 122]
160 (4)  [146, 523]
161 (3)  [153, 921]
162 (4)  [109, 538]
163 (3)  [140, 878]
164 (4)  [153, 525]
165 (3)  [134, 846]
166 (4)  [107, 524]
167 (4)  [137, 537]
168 (4)  [152, 525]
169 (4)  [113, 526]
170 (3)  [87, 931]
171 (3)  [106, 839]
172 (4)  [127, 441]
173 (4)  [116, 468]
174 (4)  [152, 515]
175 (3)  [84, 770]
176 (4)  [124, 315]
177 (4)  [153, 333]
178 (3)  [151, 755]
179 (4)  [136, 511]
180 (4)  [149, 542]
181 (4)  [145, 443]
182 (4)  [125, 314]
183 (3)  [111, 149]
184 (4)  [117, 538]
185 (4)  [89, 485]
186 (3)  [120, 141]
187 (4)  [107, 542]
188 (3)  [126, 860]
189 (4)  [119, 409]
190 (4)  [54, 458]
191 (3)  [56, 932]
192 (3)  [121, 135]
193 (4)  [135, 456]
194 (3)  [68, 150]
195 (4)  [128, 520]
196 (4)  [126, 521]
197 (4)  [119, 541]
198 (4)  [137, 416]
199 (4)  [110, 418]
200 (4)  [89, 539]
201 (3)  [152, 749]
202 (4)  [148, 515]
203 (4)  [108, 479]
204 (3)  [150, 784]
205 (3)  [65, 901]
206 (4)  [113, 470]
207 (4)  [108, 466]
208 (3)  [120, 133]
209 (3)  [126, 136]
210 (4)  [140, 482]
211 (3)  [146, 928]
212 (4)  [88, 531]
213 (3)  [151, 154]
214 (4)  [135, 444]
215 (3)  [115, 885]
216 (3)  [106, 138]
217 (3)  [140, 869]
218 (4)  [102, 387]
219 (4)  [99, 399]
220 (4)  [151, 439]
221 (4)  [139, 440]
222 (4)  [98, 534]
223 (3)  [152, 771]
224 (3)  [131, 869]
225 (4)  [136, 398]
226 (4)  [71, 366]
227 (4)  [94, 352]
228 (3)  [129, 918]
229 (4)  [139, 490]
230 (4)  [60, 408]
231 (3)  [137, 773]
232 (3)  [128, 782]
233 (4)  [149, 348]
234 (3)  [118, 930]
235 (4)  [148, 521]
236 (3)  [153, 923]
237 (3)  [123, 776]
238 (3)  [98, 900]
239 (4)  [143, 538]
240 (4)  [137, 543]
241 (4)  [151, 421]
242 (4)  [108, 423]
243 (4)  [134, 538]
244 (4)  [92, 491]
245 (3)  [109, 153]
246 (4)  [149, 451]
247 (4)  [100, 491]
248 (3)  [148, 781]
249 (4)  [74, 449]
250 (3)  [132, 928]
251 (3)  [97, 148]
252 (4)  [93, 427]
253 (3)  [123, 921]
254 (3)  [105, 871]
255 (3)  [101, 118]
256 (3)  [117, 904]
257 (3)  [129, 860]
258 (3)  [78, 797]
259 (3)  [77, 879]
260 (3)  [64, 811]
261 (4)  [99, 325]
262 (3)  [122, 872]
263 (4)  [114, 537]
264 (4)  [151, 354]
265 (4)  [80, 502]
266 (4)  [147, 534]
267 (4)  [120, 449]
268 (4)  [118, 460]
269 (4)  [146, 538]
270 (3)  [90, 142]
271 (3)  [148, 888]
272 (3)  [121, 922]
273 (3)  [88, 883]
274 (4)  [151, 370]
275 (3)  [153, 769]
276 (3)  [75, 821]
277 (4)  [101, 377]
278 (3)  [124, 854]
279 (4)  [140, 486]
280 (3)  [110, 862]
281 (4)  [81, 436]
282 (3)  [128, 895]
283 (4)  [133, 535]
284 (3)  [95, 112]
285 (4)  [124, 525]
286 (4)  [145, 444]
287 (4)  [151, 380]
288 (3)  [126, 875]
289 (4)  [143, 401]
290 (4)  [132, 493]
291 (3)  [104, 901]
292 (3)  [107, 866]
293 (3)  [114, 139]
294 (3)  [149, 820]
295 (3)  [61, 152]
296 (3)  [82, 928]
297 (4)  [145, 435]
298 (4)  [153, 381]
299 (4)  [100, 364]
300 (4)  [142, 369]
301 (4)  [130, 500]
302 (4)  [85, 522]
303 (4)  [83, 103]
304 (3)  [90, 796]
305 (4)  [72, 518]
306 (3)  [152, 829]
307 (4)  [129, 514]
308 (4)  [79, 405]
309 (3)  [73, 128]
310 (3)  [141, 931]
311 (4)  [105, 445]
312 (4)  [153, 543, 910]
313 (3)  [86, 496, 865]
314 (3)  [132, 182, 542]
315 (3)  [143, 176, 526]
316 (4)  [149, 343, 503]
317 (3)  [152, 800, 932]
318 (4)  [150, 533, 805]
319 (4)  [99, 132, 428]
320 (4)  [39, 141, 538]
321 (4)  [151, 427, 732]
322 (3)  [17, 119, 884]
323 (3)  [140, 513, 637]
324 (4)  [52, 335, 483]
325 (3)  [112, 261, 502]
326 (4)  [152, 328, 538]
327 (3)  [123, 499, 785]
328 (4)  [37, 326, 515]
329 (4)  [139, 477, 869]
330 (4)  [144, 371, 468]
331 (3)  [148, 679, 763]
332 (3)  [115, 146, 728]
333 (3)  [115, 130, 177]
334 (3)  [152, 527, 691]
335 (3)  [86, 324, 789]
336 (4)  [95, 520, 522]
337 (3)  [115, 872, 933]
338 (4)  [102, 125, 350]
339 (3)  [111, 526, 658]
340 (3)  [141, 150, 876]
341 (3)  [143, 816, 880]
342 (3)  [152, 538, 708]
343 (4)  [113, 316, 376]
344 (3)  [142, 611, 752]
345 (3)  [139, 616, 894]
346 (3)  [148, 501, 873]
347 (4)  [150, 454, 903]
348 (3)  [127, 233, 496]
349 (4)  [67, 85, 598]
350 (3)  [149, 338, 834]
351 (3)  [128, 902, 934]
352 (3)  [145, 227, 510]
353 (4)  [141, 536, 801]
354 (3)  [135, 264, 481]
355 (3)  [91, 506, 707]
356 (4)  [87, 532, 649]
357 (4)  [122, 503, 698]
358 (3)  [152, 525, 681]
359 (3)  [131, 459, 633]
360 (3)  [97, 442, 618]
361 (3)  [140, 481, 732]
362 (4)  [57, 398, 653]
363 (3)  [104, 494, 805]
364 (3)  [130, 299, 844]
365 (4)  [145, 502, 668]
366 (3)  [58, 109, 226]
367 (3)  [102, 690, 756]
368 (3)  [142, 722, 924]
369 (3)  [70, 300, 882]
370 (3)  [131, 274, 872]
371 (3)  [125, 330, 683]
372 (3)  [145, 709, 799]
373 (3)  [96, 702, 843]
374 (3)  [133, 684, 902]
375 (3)  [140, 674, 917]
376 (3)  [125, 343, 826]
377 (3)  [126, 277, 524]
378 (4)  [92, 462, 729]
379 (4)  [69, 111, 702]
380 (3)  [103, 287, 534]
381 (3)  [128, 298, 801]
382 (3)  [114, 539, 719]
383 (4)  [153, 524, 546, 756]
384 (4)  [153, 459, 542, 562]
385 (3)  [153, 542, 769, 925]
386 (4)  [131, 469, 527, 794]
387 (3)  [133, 218, 519, 864]
388 (3)  [76, 538, 778, 877]
389 (4)  [153, 404, 841, 907]
390 (3)  [81, 102, 150, 933]
391 (3)  [113, 498, 786, 848]
392 (3)  [144, 541, 564, 619]
393 (3)  [151, 497, 638, 687]
394 (4)  [75, 77, 539, 926]
395 (3)  [147, 600, 791, 927]
396 (4)  [153, 498, 583, 617]
397 (4)  [131, 473, 606, 762]
398 (3)  [139, 225, 362, 476]
399 (3)  [144, 219, 541, 768]
400 (3)  [127, 137, 669, 902]
401 (3)  [138, 289, 453, 523]
402 (4)  [139, 541, 697, 771]
403 (3)  [124, 586, 593, 909]
404 (3)  [134, 389, 706, 889]
405 (3)  [150, 308, 447, 604]
406 (4)  [147, 478, 587, 776]
407 (3)  [138, 146, 620, 741]
408 (3)  [149, 230, 693, 915]
409 (3)  [106, 189, 899, 933]
410 (3)  [134, 462, 701, 710]
411 (3)  [132, 655, 845, 904]
412 (4)  [94, 471, 603, 640]
413 (3)  [130, 662, 724, 905]
414 (3)  [131, 661, 706, 889]
415 (4)  [95, 517, 647, 795]
416 (3)  [96, 198, 675, 892]
417 (3)  [144, 434, 694, 871]
418 (3)  [153, 199, 511, 617]
419 (4)  [119, 471, 595, 663]
420 (3)  [136, 473, 645, 710]
421 (3)  [112, 241, 828, 923]
422 (3)  [105, 446, 682, 703]
423 (3)  [62, 242, 540, 809]
424 (3)  [138, 668, 809, 818]
425 (3)  [141, 676, 737, 804]
426 (3)  [127, 597, 620, 664, 813]
427 (3)  [151, 252, 321, 525, 539]
428 (3)  [85, 319, 540, 542, 913]
429 (4)  [143, 539, 624, 837, 894]
430 (3)  [115, 132, 138, 576, 839]
431 (3)  [147, 469, 531, 643, 659]
432 (4)  [59, 94, 495, 815, 930]
433 (3)  [110, 153, 550, 588, 736]
434 (3)  [136, 417, 533, 587, 695]
435 (3)  [108, 297, 512, 530, 828]
436 (3)  [145, 281, 538, 589, 729]
437 (4)  [120, 513, 671, 749, 857]
438 (3)  [25, 133, 520, 699, 758]
439 (3)  [112, 220, 481, 514, 819]
440 (3)  [121, 142, 221, 605, 733]
441 (3)  [27, 172, 524, 554, 934]
442 (4)  [142, 360, 535, 593, 888]
443 (3)  [144, 181, 532, 737, 858]
444 (3)  [137, 214, 286, 829, 906]
445 (3)  [47, 149, 311, 768, 908]
446 (3)  [91, 422, 491, 656, 807]
447 (3)  [44, 149, 405, 845, 859]
448 (4)  [49, 125, 510, 800, 824]
449 (3)  [122, 249, 267, 528, 672]
450 (4)  [124, 536, 727, 777, 892]
451 (3)  [140, 246, 599, 811, 854]
452 (3)  [152, 530, 692, 698, 794]
453 (4)  [142, 401, 592, 789, 814]
454 (3)  [33, 146, 149, 347, 634]
455 (3)  [129, 613, 625, 791, 890]
456 (3)  [144, 193, 601, 647, 751]
457 (3)  [24, 66, 143, 642, 798]
458 (3)  [93, 116, 190, 807, 811]
459 (3)  [116, 359, 384, 822, 875]
460 (3)  [147, 268, 607, 834, 912]
461 (3)  [100, 145, 735, 738, 934]
462 (3)  [146, 378, 410, 512, 570, 772]
463 (3)  [48, 484, 541, 748, 824, 844]
464 (3)  [18, 90, 528, 540, 790, 924]
465 (3)  [130, 488, 548, 639, 678, 782]
466 (3)  [132, 135, 207, 590, 604, 840]
467 (3)  [117, 543, 803, 847, 853, 910]
468 (3)  [129, 173, 330, 574, 831, 878]
469 (4)  [45, 386, 431, 491, 773, 886]
470 (3)  [153, 206, 657, 673, 854, 919]
471 (3)  [147, 412, 419, 747, 923, 926]
472 (3)  [59, 487, 566, 712, 775, 891]
473 (3)  [121, 153, 397, 420, 766, 856]
474 (3)  [80, 109, 137, 555, 602, 635]
475 (3)  [19, 505, 515, 562, 696, 810]
476 (3)  [126, 398, 502, 731, 812, 842]
477 (3)  [97, 141, 329, 610, 630, 910]
478 (3)  [153, 406, 523, 664, 723, 897]
479 (3)  [138, 203, 523, 677, 686, 808]
480 (3)  [28, 516, 652, 670, 673, 891]
481 (4)  [22, 354, 361, 439, 850, 900]
482 (3)  [29, 123, 210, 494, 662, 802]
483 (3)  [142, 153, 324, 718, 757, 835, 854]
484 (3)  [34, 54, 137, 150, 463, 815, 830]
485 (3)  [138, 185, 534, 750, 833, 879, 908]
486 (3)  [143, 279, 532, 551, 714, 717, 726]
487 (4)  [143, 472, 495, 607, 838, 858, 895]
488 (3)  [53, 148, 465, 555, 563, 578, 608]
489 (3)  [145, 554, 680, 774, 792, 836, 851]
490 (3)  [130, 147, 229, 622, 644, 730, 825]
491 (3)  [55, 244, 247, 446, 469, 493, 850]
492 (3)  [23, 543, 631, 650, 757, 801, 901]
493 (3)  [72, 290, 491, 513, 663, 705, 718]
494 (4)  [40, 129, 130, 134, 363, 482, 665, 921]
495 (3)  [150, 432, 487, 539, 573, 612, 613, 627]
496 (3)  [118, 313, 348, 528, 549, 594, 598, 868]
497 (3)  [35, 393, 535, 539, 712, 745, 929, 931]
498 (3)  [93, 391, 396, 510, 536, 556, 734, 742]
499 (4)  [84, 110, 114, 327, 591, 746, 784, 817]
500 (3)  [103, 301, 523, 577, 760, 775, 832, 853]
501 (3)  [50, 134, 346, 535, 563, 725, 740, 804]
502 (3)  [134, 136, 265, 325, 365, 476, 547, 763, 919]
503 (3)  [153, 316, 357, 539, 553, 674, 713, 761, 885]
504 (3)  [104, 135, 146, 585, 760, 773, 788, 804, 861]
505 (3)  [66, 136, 475, 529, 781, 783, 787, 796, 883]
506 (3)  [30, 153, 355, 533, 575, 624, 774, 796, 843]
507 (3)  [146, 582, 603, 636, 651, 784, 808, 890, 919]
508 (3)  [114, 542, 634, 671, 689, 727, 755, 849, 923]
509 (3)  [123, 557, 568, 569, 623, 863, 867, 879, 918]
510 (3)  [32, 352, 448, 498, 538, 595, 640, 688, 781]
511 (3)  [132, 179, 418, 524, 526, 548, 565, 585, 704, 823]
512 (3)  [128, 134, 435, 462, 518, 614, 660, 764, 806, 842]
513 (3)  [113, 148, 151, 323, 437, 493, 514, 558, 575, 762]
514 (3)  [133, 307, 439, 513, 541, 700, 765, 866, 884, 934]
515 (3)  [20, 174, 202, 328, 475, 542, 714, 795, 893, 929]
516 (3)  [73, 139, 480, 541, 584, 628, 777, 843, 848, 914]
517 (3)  [52, 119, 158, 415, 518, 560, 581, 606, 766, 838, 908]
518 (3)  [53, 111, 124, 305, 512, 517, 542, 567, 721, 842, 862]
519 (3)  [121, 387, 542, 545, 753, 869, 872, 911, 917, 928, 930]
520 (3)  [16, 135, 144, 195, 336, 438, 524, 574, 896, 897, 921]
521 (3)  [89, 196, 235, 526, 537, 559, 580, 610, 667, 754, 903]
522 (3)  [101, 147, 302, 336, 632, 648, 653, 711, 874, 894, 926]
523 (3)  [122, 160, 401, 478, 479, 500, 552, 759, 831, 840, 881]
524 (3)  [152, 156, 166, 377, 383, 441, 511, 520, 528, 535, 820, 898]
525 (3)  [21, 164, 168, 285, 358, 427, 547, 561, 579, 619, 845, 929]
526 (3)  [68, 131, 135, 169, 315, 339, 511, 521, 532, 544, 841, 919]
527 (3)  [43, 116, 123, 129, 151, 334, 386, 536, 646, 809, 887, 907]
528 (3)  [112, 449, 464, 496, 524, 540, 546, 558, 715, 723, 880, 912]
529 (3)  [14, 505, 541, 543, 588, 596, 615, 660, 746, 860, 886, 904]
530 (3)  [41, 84, 110, 148, 150, 435, 452, 541, 551, 572, 764, 875, 928]
531 (3)  [10, 212, 431, 540, 541, 590, 592, 697, 724, 792, 861, 907, 933]
532 (3)  [142, 155, 356, 443, 486, 526, 559, 591, 743, 787, 799, 837, 877, 927]
533 (3)  [87, 117, 152, 318, 434, 506, 621, 632, 657, 744, 763, 827, 835, 879]
534 (3)  [13, 139, 150, 222, 266, 380, 485, 537, 583, 641, 685, 751, 890, 931]
535 (3)  [42, 46, 51, 64, 149, 151, 283, 442, 497, 501, 524, 594, 793, 846, 850, 920]
536 (3)  [148, 353, 450, 498, 527, 549, 557, 605, 654, 699, 728, 730, 744, 767, 798, 851, 881]
537 (3)  [63, 74, 105, 140, 153, 167, 263, 521, 534, 539, 550, 817, 836, 877, 885, 888, 922, 930]
538 (3)  [8, 150, 162, 184, 239, 243, 269, 320, 326, 342, 388, 436, 510, 540, 569, 650, 666, 715, 852]
539 (3)  [129, 148, 200, 382, 394, 427, 429, 495, 497, 503, 537, 665, 739, 748, 753, 839, 857, 870, 892, 926]
540 (3)  [6, 153, 423, 428, 464, 528, 531, 538, 541, 542, 609, 621, 629, 713, 750, 836, 855, 912, 920, 922]
541 (3)  [55, 57, 145, 197, 392, 399, 402, 463, 514, 516, 529, 530, 531, 540, 553, 571, 626, 716, 759, 779, 878, 911]
542 (3)  [61, 103, 143, 180, 187, 314, 384, 385, 428, 508, 515, 518, 519, 540, 649, 720, 765, 780, 803, 860, 862, 913, 916]
543 (3)  [31, 79, 88, 98, 107, 134, 153, 240, 312, 467, 492, 529, 561, 567, 615, 641, 685, 743, 814, 833, 880, 882, 909, 926]
544 (4)  [526, 970]
545 (5)  [519, 651]
546 (5)  [383, 528]
547 (4)  [502, 525]
548 (4)  [465, 511]
549 (4)  [496, 536]
550 (4)  [433, 537]
551 (4)  [486, 530]
552 (5)  [523, 916]
553 (4)  [503, 541]
554 (4)  [441, 489]
555 (4)  [474, 488]
556 (5)  [498, 915]
557 (4)  [509, 536]
558 (4)  [513, 528]
559 (4)  [521, 532]
560 (5)  [517, 921]
561 (4)  [525, 543]
562 (5)  [384, 475]
563 (4)  [488, 501]
564 (5)  [392, 928]
565 (5)  [511, 927]
566 (5)  [472, 911]
567 (4)  [518, 543]
568 (5)  [509, 743]
569 (4)  [509, 538]
570 (5)  [462, 924]
571 (5)  [541, 855]
572 (5)  [530, 847]
573 (5)  [495, 861]
574 (4)  [468, 520]
575 (4)  [506, 513]
576 (5)  [430, 932]
577 (5)  [500, 785]
578 (5)  [488, 905]
579 (5)  [525, 922]
580 (5)  [521, 887]
581 (5)  [517, 881]
582 (5)  [507, 915]
583 (5)  [396, 534]
584 (5)  [516, 774]
585 (4)  [504, 511]
586 (5)  [403, 840]
587 (5)  [406, 434]
588 (4)  [433, 529]
589 (5)  [436, 890]
590 (4)  [466, 531]
591 (5)  [499, 532]
592 (5)  [453, 531]
593 (5)  [403, 442]
594 (4)  [496, 535]
595 (5)  [419, 510]
596 (4)  [529, 987]
597 (5)  [426, 927]
598 (5)  [349, 496]
599 (5)  [451, 925]
600 (5)  [395, 900]
601 (5)  [456, 794]
602 (5)  [474, 894]
603 (5)  [412, 507]
604 (4)  [405, 466]
605 (4)  [440, 536]
606 (5)  [397, 517]
607 (5)  [460, 487]
608 (5)  [488, 891]
609 (5)  [540, 898]
610 (4)  [477, 521]
611 (5)  [344, 910]
612 (5)  [495, 882]
613 (4)  [455, 495]
614 (5)  [512, 934]
615 (4)  [529, 543]
616 (5)  [345, 864]
617 (5)  [396, 418]
618 (5)  [360, 758]
619 (4)  [392, 525]
620 (4)  [407, 426]
621 (4)  [533, 540]
622 (5)  [490, 929]
623 (5)  [509, 911]
624 (5)  [429, 506]
625 (5)  [455, 777]
626 (5)  [541, 866]
627 (5)  [495, 899]
628 (5)  [516, 786]
629 (5)  [540, 888]
630 (5)  [477, 917]
631 (5)  [492, 754]
632 (4)  [522, 533]
633 (5)  [359, 922]
634 (4)  [454, 508]
635 (5)  [474, 867]
636 (5)  [507, 934]
637 (5)  [323, 900]
638 (5)  [393, 919]
639 (4)  [465, 997]
640 (5)  [412, 510]
641 (4)  [534, 543]
642 (5)  [457, 852]
643 (5)  [431, 924]
644 (5)  [490, 856]
645 (5)  [420, 868]
646 (5)  [527, 898]
647 (5)  [415, 456]
648 (5)  [522, 868]
649 (5)  [356, 542]
650 (4)  [492, 538]
651 (4)  [507, 545]
652 (5)  [480, 914]
653 (5)  [362, 522]
654 (4)  [536, 996]
655 (5)  [411, 805]
656 (5)  [446, 886]
657 (4)  [470, 533]
658 (5)  [339, 813]
659 (5)  [431, 880]
660 (4)  [512, 529]
661 (5)  [414, 874]
662 (4)  [413, 482]
663 (5)  [419, 493]
664 (4)  [426, 478]
665 (5)  [494, 539]
666 (5)  [538, 848]
667 (5)  [521, 919]
668 (5)  [365, 424]
669 (5)  [400, 793]
670 (5)  [480, 893]
671 (5)  [437, 508]
672 (5)  [449, 902]
673 (4)  [470, 480]
674 (4)  [375, 503]
675 (5)  [416, 896]
676 (5)  [425, 920]
677 (5)  [479, 843]
678 (5)  [465, 905]
679 (5)  [331, 827]
680 (5)  [489, 886]
681 (5)  [358, 909]
682 (4)  [422, 994]
683 (5)  [371, 894]
684 (5)  [374, 859]
685 (4)  [534, 543]
686 (5)  [479, 862]
687 (5)  [393, 908]
688 (5)  [510, 828]
689 (4)  [508, 989]
690 (5)  [367, 852]
691 (5)  [334, 855]
692 (4)  [452, 995]
693 (5)  [408, 858]
694 (5)  [417, 837]
695 (5)  [434, 925]
696 (5)  [475, 887]
697 (5)  [402, 531]
698 (5)  [357, 452]
699 (4)  [438, 536]
700 (5)  [514, 877]
701 (5)  [410, 818]
702 (5)  [373, 379]
703 (5)  [422, 933]
704 (5)  [511, 903]
705 (5)  [493, 914]
706 (4)  [404, 414]
707 (4)  [355, 991]
708 (4)  [342, 993]
709 (5)  [372, 929]
710 (4)  [410, 420]
711 (5)  [522, 803]
712 (4)  [472, 497]
713 (4)  [503, 540]
714 (4)  [486, 515]
715 (4)  [528, 538]
716 (5)  [541, 783]
717 (5)  [486, 917]
718 (4)  [483, 493]
719 (5)  [382, 831]
720 (5)  [542, 905]
721 (5)  [518, 925]
722 (5)  [368, 876]
723 (4)  [478, 528]
724 (4)  [413, 531]
725 (5)  [501, 817]
726 (5)  [486, 814]
727 (5)  [450, 508]
728 (4)  [332, 536]
729 (5)  [378, 436]
730 (4)  [490, 536]
731 (4)  [476, 992]
732 (5)  [321, 361]
733 (5)  [440, 835]
734 (5)  [498, 838]
735 (5)  [461, 746]
736 (5)  [433, 819]
737 (4)  [425, 443]
738 (5)  [461, 897]
739 (5)  [539, 830]
740 (5)  [501, 847]
741 (5)  [407, 931]
742 (5)  [498, 785, 867]
743 (4)  [532, 543, 568]
744 (5)  [533, 536, 915]
745 (5)  [497, 926, 942]
746 (4)  [499, 529, 735]
747 (5)  [471, 927, 939]
748 (5)  [463, 539, 856]
749 (5)  [201, 437, 885]
750 (4)  [485, 540, 942]
751 (5)  [456, 534, 930]
752 (5)  [344, 932, 933]
753 (4)  [519, 539, 945]
754 (4)  [521, 631, 916]
755 (5)  [178, 508, 933]
756 (5)  [367, 383, 849]
757 (5)  [483, 492, 928]
758 (4)  [438, 618, 906]
759 (5)  [523, 541, 917]
760 (5)  [500, 504, 797]
761 (5)  [503, 913, 949]
762 (5)  [397, 513, 771]
763 (4)  [331, 502, 533]
764 (4)  [512, 530, 974]
765 (5)  [514, 542, 898]
766 (4)  [473, 517, 996]
767 (5)  [536, 923, 952]
768 (5)  [399, 445, 825]
769 (5)  [275, 385, 881]
770 (5)  [175, 836, 877]
771 (5)  [223, 402, 762]
772 (5)  [462, 906, 982]
773 (5)  [231, 469, 504]
774 (4)  [489, 506, 584]
775 (5)  [472, 500, 822]
776 (5)  [237, 406, 859]
777 (4)  [450, 516, 625]
778 (5)  [388, 888, 944]
779 (4)  [541, 884, 967]
780 (4)  [542, 851, 939]
781 (4)  [248, 505, 510]
782 (5)  [232, 465, 934]
783 (4)  [505, 716, 913]
784 (5)  [204, 499, 507]
785 (4)  [327, 577, 742]
786 (4)  [391, 628, 907]
787 (4)  [505, 532, 981]
788 (5)  [504, 901, 913]
789 (5)  [335, 453, 991]
790 (4)  [464, 892, 982]
791 (4)  [395, 455, 969]
792 (4)  [489, 531, 958]
793 (4)  [535, 669, 880]
794 (4)  [386, 452, 601]
795 (5)  [415, 515, 818]
796 (4)  [304, 505, 506]
797 (4)  [258, 760, 931]
798 (4)  [457, 536, 992]
799 (5)  [372, 532, 920]
800 (4)  [317, 448, 952]
801 (5)  [353, 381, 492]
802 (5)  [482, 925, 990]
803 (4)  [467, 542, 711]
804 (4)  [425, 501, 504]
805 (4)  [318, 363, 655]
806 (4)  [512, 898, 949]
807 (4)  [446, 458, 993]
808 (4)  [479, 507, 971]
809 (4)  [423, 424, 527]
810 (5)  [475, 902, 966]
811 (4)  [260, 451, 458]
812 (5)  [476, 830, 924]
813 (4)  [426, 658, 930]
814 (4)  [453, 543, 726]
815 (4)  [432, 484, 962]
816 (5)  [341, 821, 890]
817 (4)  [499, 537, 725]
818 (4)  [424, 701, 795]
819 (4)  [439, 736, 933]
820 (5)  [294, 524, 889]
821 (5)  [276, 816, 918]
822 (4)  [459, 775, 979]
823 (5)  [511, 933, 976]
824 (5)  [448, 463, 979]
825 (4)  [490, 768, 977]
826 (5)  [376, 832, 903]
827 (4)  [533, 679, 922]
828 (4)  [421, 435, 688]
829 (5)  [306, 444, 909]
830 (4)  [484, 739, 812]
831 (4)  [468, 523, 719]
832 (4)  [500, 826, 978]
833 (4)  [485, 543, 973]
834 (4)  [350, 460, 983]
835 (4)  [483, 533, 733, 865]
836 (4)  [489, 537, 540, 770]
837 (4)  [429, 532, 694, 864]
838 (4)  [487, 517, 734, 957]
839 (4)  [171, 430, 539, 977]
840 (4)  [466, 523, 586, 955]
841 (5)  [389, 526, 852, 971]
842 (5)  [476, 512, 518, 847]
843 (4)  [373, 506, 516, 677]
844 (5)  [364, 463, 866, 882]
845 (5)  [411, 447, 525, 915]
846 (5)  [165, 535, 911, 956]
847 (4)  [467, 572, 740, 842]
848 (4)  [391, 516, 666, 925]
849 (5)  [508, 756, 929, 988]
850 (5)  [481, 491, 535, 984]
851 (5)  [489, 536, 780, 887]
852 (4)  [538, 642, 690, 841]
853 (4)  [467, 500, 868, 976]
854 (4)  [278, 451, 470, 483]
855 (4)  [540, 571, 691, 912]
856 (4)  [473, 644, 748, 968]
857 (5)  [437, 539, 870, 947]
858 (4)  [443, 487, 693, 983]
859 (4)  [447, 684, 776, 931]
860 (4)  [188, 257, 529, 542]
861 (4)  [504, 531, 573, 946]
862 (4)  [280, 518, 542, 686]
863 (5)  [509, 921, 938, 959]
864 (4)  [387, 616, 837, 992]
865 (5)  [313, 835, 993, 995]
866 (4)  [292, 514, 626, 844]
867 (4)  [509, 635, 742, 900]
868 (4)  [496, 645, 648, 853]
869 (5)  [217, 224, 329, 519]
870 (4)  [539, 857, 963, 965]
871 (5)  [254, 417, 901, 953]
872 (4)  [262, 337, 370, 519]
873 (5)  [346, 896, 975, 980]
874 (4)  [522, 661, 899, 955]
875 (4)  [288, 459, 530, 954]
876 (4)  [340, 722, 928, 980]
877 (4)  [388, 532, 537, 700, 770]
878 (5)  [163, 468, 541, 891, 906]
879 (5)  [259, 485, 509, 533, 932]
880 (4)  [341, 528, 543, 659, 793]
881 (4)  [523, 536, 581, 769, 919]
882 (4)  [369, 543, 612, 844, 906]
883 (5)  [273, 505, 893, 932, 985]
884 (5)  [322, 514, 779, 934, 937]
885 (4)  [215, 503, 537, 749, 997]
886 (4)  [469, 529, 656, 680, 959]
887 (4)  [527, 580, 696, 851, 947]
888 (4)  [271, 442, 537, 629, 778]
889 (4)  [404, 414, 820, 895, 916]
890 (4)  [455, 507, 534, 589, 816]
891 (4)  [472, 480, 608, 878, 994]
892 (4)  [416, 450, 539, 790, 937]
893 (4)  [515, 670, 883, 941, 958]
894 (4)  [345, 429, 522, 602, 683]
895 (5)  [282, 487, 889, 950, 989]
896 (4)  [520, 675, 873, 925, 943]
897 (4)  [478, 520, 738, 944, 951]
898 (4)  [524, 609, 646, 765, 806]
899 (4)  [409, 627, 874, 961, 986]
900 (4)  [238, 481, 600, 637, 867]
901 (4)  [205, 291, 492, 788, 871]
902 (4)  [351, 374, 400, 672, 810]
903 (4)  [347, 521, 704, 826, 972]
904 (4)  [256, 411, 529, 970, 978]
905 (4)  [413, 578, 678, 720, 932, 997]
906 (4)  [444, 758, 772, 878, 882, 914]
907 (4)  [389, 527, 531, 786, 940, 985]
908 (4)  [445, 485, 517, 687, 915, 935]
909 (4)  [403, 543, 681, 829, 920, 956]
910 (4)  [312, 467, 477, 611, 960, 965]
911 (4)  [519, 541, 566, 623, 846, 964]
912 (5)  [460, 528, 540, 855, 968, 986]
913 (4)  [428, 542, 761, 783, 788, 948]
914 (4)  [516, 652, 705, 906, 936, 960]
915 (4)  [408, 556, 582, 744, 845, 908]
916 (4)  [542, 552, 754, 889, 932, 963]
917 (4)  [375, 519, 630, 717, 759, 950]
918 (4)  [228, 509, 821, 934, 946, 951]
919 (4)  [470, 502, 507, 526, 638, 667, 881]
920 (4)  [535, 540, 676, 799, 909, 938, 975]
921 (4)  [161, 253, 494, 520, 560, 863, 989]
922 (4)  [272, 537, 540, 579, 633, 827, 966]
923 (4)  [236, 421, 471, 508, 767, 924, 948]
924 (4)  [368, 464, 570, 643, 812, 923, 940]
925 (4)  [385, 599, 695, 721, 802, 848, 896]
926 (4)  [394, 471, 522, 539, 543, 745, 927, 973]
927 (4)  [395, 532, 565, 597, 747, 926, 943, 995]
928 (4)  [211, 250, 296, 519, 530, 564, 757, 876]
929 (4)  [497, 515, 525, 622, 709, 849, 945, 987]
930 (4)  [234, 432, 519, 537, 751, 813, 934, 953, 954]
931 (4)  [170, 310, 497, 534, 741, 797, 859, 936, 984, 996]
932 (4)  [191, 317, 576, 752, 879, 883, 905, 916, 941, 987, 994]
933 (4)  [337, 390, 409, 531, 703, 752, 755, 819, 823, 964, 990]
934 (4)  [351, 441, 461, 514, 614, 636, 782, 884, 918, 930, 935, 988]
935 (5)  [908, 934]
936 (5)  [914, 931]
937 (6)  [884, 892]
938 (6)  [863, 920]
939 (6)  [747, 780]
940 (5)  [907, 924]
941 (5)  [893, 932]
942 (6)  [745, 750]
943 (5)  [896, 927]
944 (6)  [778, 897]
945 (5)  [753, 929]
946 (5)  [861, 918]
947 (6)  [857, 887]
948 (5)  [913, 923]
949 (6)  [761, 806]
950 (6)  [895, 917]
951 (5)  [897, 918]
952 (6)  [767, 800]
953 (6)  [871, 930]
954 (5)  [875, 930]
955 (5)  [840, 874]
956 (6)  [846, 909]
957 (6)  [838, 996]
958 (5)  [792, 893]
959 (6)  [863, 886]
960 (5)  [910, 914]
961 (6)  [899, 997]
962 (6)  [815, 994]
963 (5)  [870, 916]
964 (5)  [911, 933]
965 (5)  [870, 910]
966 (6)  [810, 922]
967 (5)  [779, 998]
968 (6)  [856, 912]
969 (6)  [791, 995]
970 (5)  [544, 904]
971 (6)  [808, 841]
972 (6)  [903, 996]
973 (5)  [833, 926]
974 (6)  [764, 988]
975 (6)  [873, 920]
976 (6)  [823, 853]
977 (5)  [825, 839]
978 (5)  [832, 904]
979 (6)  [822, 824]
980 (6)  [873, 876]
981 (6)  [787, 990]
982 (6)  [772, 790]
983 (5)  [834, 858]
984 (6)  [850, 931]
985 (6)  [883, 907, 986]
986 (6)  [899, 912, 985]
987 (5)  [596, 929, 932]
988 (5)  [849, 934, 974]
989 (6)  [689, 895, 921]
990 (5)  [802, 933, 981]
991 (6)  [707, 789, 997]
992 (5)  [731, 798, 864]
993 (6)  [708, 807, 865]
994 (5)  [682, 891, 932, 962]
995 (5)  [692, 865, 927, 969]
996 (5)  [654, 766, 931, 957, 972]
997 (5)  [639, 885, 905, 961, 991]
998 (6)  [967]
