eBA Model
Parameters:
- m0:20.0
- m:2.0
- p (add):0.6
- q (rewire):0.2

 Size : 999
 Size of core : 14
 % of P2P links : 0.31
 % of nodes in level 1 : 1.3
 % of nodes in level 2 : 14.51
 % of nodes in level 3 : 47.85
 % of nodes in level 4 : 36.14
 % of nodes in level 5 : 0.2
 Degree of level 1 : 97.08
 Degree of level 2 : 41.02
 Degree of level 3 : 13.33
 Degree of level 4 : 5.72
 Degree of level 5 : 2

1 (1)  [2, 3, 4, 5, 6, 7, 8, 9, 10, 11, 12, 27, 32, 85, 86, 92, 112, 126, 129, 133, 174, 176, 182, 214, 228, 232, 253, 276, 278, 296, 309, 322, 327, 340, 341, 345, 348, 391, 413, 414, 417, 419, 443, 447, 456, 472, 474, 479, 480, 484, 497, 498, 500, 504, 509, 511, 513, 514, 519, 523, 524, 526, 528, 529, 532, 538, 539, 542, 543, 544, 547, 550, 551, 553, 555, 556, 557, 560, 561, 562, 564, 566, 567, 568, 569]
2 (1)  [1, 4, 5, 6, 10, 13, 27, 33, 42, 45, 46, 93, 96, 97, 101, 111, 149, 154, 156, 161, 172, 185, 200, 207, 213, 229, 234, 245, 247, 249, 251, 274, 276, 288, 311, 326, 344, 346, 353, 354, 356, 371, 384, 389, 393, 399, 403, 407, 442, 450, 457, 465, 468, 473, 474, 477, 478, 483, 485, 486, 487, 508, 513, 516, 517, 521, 523, 527, 528, 531, 538, 539, 540, 541, 542, 544, 545, 549, 554, 555, 556, 561, 562, 563, 564, 568]
3 (1)  [1, 4, 6, 7, 8, 10, 11, 12, 13, 14, 27, 53, 56, 95, 99, 114, 117, 120, 151, 195, 203, 206, 212, 215, 231, 236, 261, 267, 274, 278, 288, 289, 297, 316, 324, 335, 338, 343, 345, 355, 359, 361, 375, 388, 394, 397, 401, 403, 406, 407, 410, 412, 414, 419, 423, 426, 449, 458, 470, 471, 487, 494, 497, 498, 500, 505, 511, 514, 515, 516, 520, 525, 528, 530, 531, 534, 536, 539, 540, 547, 549, 551, 553, 554, 555, 556, 560, 561, 562, 564, 565, 567]
4 (1)  [1, 2, 3, 5, 6, 7, 8, 9, 10, 13, 18, 26, 27, 47, 48, 81, 94, 99, 108, 128, 131, 146, 147, 156, 222, 230, 238, 248, 251, 268, 281, 291, 307, 317, 321, 326, 332, 341, 350, 351, 375, 398, 399, 405, 408, 410, 413, 417, 422, 426, 428, 430, 432, 438, 439, 449, 466, 468, 469, 471, 472, 473, 474, 476, 481, 483, 484, 487, 488, 489, 490, 494, 495, 498, 505, 507, 509, 515, 517, 521, 524, 526, 530, 535, 539, 545, 547, 552, 553, 555, 564, 566]
5 (1)  [1, 2, 4, 6, 7, 9, 10, 11, 12, 13, 17, 20, 25, 27, 28, 38, 69, 79, 80, 84, 89, 90, 108, 123, 124, 128, 155, 162, 173, 187, 190, 217, 228, 245, 271, 272, 277, 297, 310, 325, 333, 338, 340, 347, 349, 368, 371, 379, 391, 399, 408, 421, 422, 433, 440, 441, 445, 447, 448, 449, 450, 451, 457, 460, 466, 467, 469, 470, 510, 511, 512, 513, 516, 518, 520, 526, 527, 528, 530, 533, 535, 539, 541, 544, 546, 547, 549, 550, 551, 554, 562, 563, 567]
6 (1)  [1, 2, 3, 4, 5, 7, 8, 10, 11, 13, 35, 39, 40, 60, 74, 91, 113, 152, 154, 155, 163, 169, 177, 226, 229, 235, 240, 249, 253, 256, 258, 298, 300, 311, 318, 328, 329, 336, 344, 351, 353, 356, 360, 366, 373, 376, 383, 392, 406, 407, 429, 433, 436, 444, 446, 448, 454, 471, 474, 486, 494, 496, 502, 504, 513, 515, 516, 520, 521, 524, 525, 526, 530, 531, 532, 534, 535, 537, 538, 540, 541, 543, 546, 549, 552, 553, 555, 556, 557, 559, 560, 561, 565, 566, 568]
7 (1)  [1, 3, 4, 5, 6, 8, 9, 12, 24, 27, 36, 41, 62, 78, 86, 88, 110, 115, 127, 135, 139, 150, 167, 175, 180, 184, 197, 203, 208, 224, 229, 230, 231, 244, 255, 257, 264, 266, 269, 295, 298, 299, 314, 323, 329, 343, 362, 367, 380, 385, 389, 397, 403, 404, 411, 415, 419, 423, 426, 429, 441, 464, 467, 469, 473, 475, 478, 483, 485, 489, 491, 497, 500, 501, 510, 512, 526, 531, 533, 536, 540, 541, 542, 546, 547, 549, 551, 553, 554, 555, 556, 558, 560, 564, 567]
8 (1)  [1, 3, 4, 6, 7, 9, 10, 11, 12, 13, 44, 64, 120, 126, 132, 137, 145, 146, 150, 157, 164, 168, 171, 181, 195, 204, 221, 242, 245, 250, 258, 262, 279, 283, 284, 297, 316, 337, 338, 356, 362, 364, 370, 372, 373, 377, 382, 407, 409, 412, 416, 428, 431, 442, 443, 453, 455, 465, 469, 472, 475, 478, 480, 481, 493, 496, 498, 499, 500, 502, 506, 507, 508, 514, 522, 523, 524, 525, 526, 530, 534, 536, 538, 539, 540, 541, 542, 544, 545, 547, 548, 550, 553, 555, 558, 560, 563, 564, 567, 568]
9 (1)  [1, 4, 5, 7, 8, 11, 12, 13, 15, 23, 27, 51, 58, 104, 118, 122, 150, 159, 162, 166, 172, 180, 196, 201, 209, 210, 219, 221, 226, 231, 233, 237, 238, 243, 249, 274, 278, 285, 304, 305, 308, 318, 322, 352, 369, 378, 386, 394, 409, 414, 419, 421, 425, 441, 443, 447, 448, 453, 454, 462, 468, 472, 473, 474, 477, 478, 483, 486, 487, 488, 491, 499, 500, 505, 507, 509, 511, 513, 514, 515, 521, 524, 527, 528, 530, 532, 534, 536, 537, 540, 547, 554, 556, 557, 559, 560, 561, 562, 563, 564, 569]
10 (1)  [1, 2, 3, 4, 5, 6, 8, 11, 12, 16, 27, 38, 55, 59, 60, 65, 67, 106, 107, 111, 121, 136, 141, 182, 186, 188, 189, 193, 210, 223, 225, 252, 254, 255, 269, 286, 290, 306, 314, 315, 330, 336, 342, 355, 358, 368, 374, 381, 384, 385, 396, 400, 421, 425, 427, 435, 436, 438, 445, 454, 458, 465, 468, 473, 474, 475, 477, 482, 485, 488, 491, 492, 493, 495, 498, 506, 507, 508, 515, 518, 520, 521, 527, 538, 541, 542, 543, 544, 547, 548, 549, 551, 553, 555, 557, 559, 562, 563, 564, 565, 568, 569]
11 (1)  [1, 3, 5, 6, 8, 9, 10, 13, 19, 22, 30, 31, 34, 43, 45, 54, 57, 63, 68, 76, 102, 168, 170, 179, 216, 230, 237, 239, 248, 250, 259, 263, 281, 292, 294, 302, 312, 313, 327, 328, 339, 342, 358, 365, 367, 374, 387, 392, 395, 402, 420, 432, 438, 454, 457, 458, 459, 461, 464, 466, 473, 480, 481, 483, 494, 499, 501, 505, 515, 516, 519, 520, 521, 523, 524, 528, 529, 531, 532, 534, 537, 539, 542, 543, 547, 548, 549, 550, 551, 552, 553, 554, 555, 557, 558, 560, 561, 562, 563, 565, 566, 569]
12 (1)  [1, 3, 5, 7, 8, 9, 10, 21, 27, 52, 73, 82, 87, 89, 100, 112, 113, 120, 134, 138, 139, 140, 158, 160, 165, 188, 202, 205, 218, 224, 246, 257, 258, 260, 265, 266, 269, 280, 282, 285, 287, 291, 303, 311, 317, 334, 340, 341, 343, 360, 365, 386, 387, 388, 391, 398, 401, 410, 414, 419, 420, 421, 425, 435, 437, 446, 455, 456, 467, 472, 483, 487, 491, 492, 493, 499, 500, 501, 503, 507, 511, 513, 514, 515, 517, 519, 521, 522, 530, 531, 534, 537, 538, 541, 542, 543, 548, 549, 552, 553, 554, 556, 557, 558, 560, 566, 567]
13 (1)  [2, 3, 4, 5, 6, 8, 9, 11, 27, 70, 77, 83, 103, 109, 116, 119, 125, 130, 142, 144, 153, 176, 191, 192, 194, 202, 207, 209, 224, 231, 233, 241, 245, 253, 264, 270, 273, 275, 284, 285, 293, 295, 299, 301, 306, 319, 322, 325, 331, 336, 337, 340, 355, 362, 364, 370, 380, 388, 401, 408, 415, 418, 419, 424, 434, 436, 438, 440, 445, 460, 463, 467, 471, 474, 475, 478, 483, 487, 490, 491, 493, 497, 498, 503, 510, 513, 514, 517, 524, 525, 530, 531, 534, 535, 536, 538, 540, 542, 545, 546, 548, 549, 553, 554, 556, 561, 562, 563, 566, 567, 568, 569]
14 (2)  [3]
15 (3)  [9, 408]
16 (3)  [10, 550]
17 (3)  [5, 414]
18 (3)  [4, 523]
19 (3)  [11, 458]
20 (3)  [5, 542]
21 (3)  [12, 546]
22 (2)  [11, 873]
23 (3)  [9, 388]
24 (3)  [7, 504]
25 (3)  [5, 550]
26 (3)  [4, 481]
27 (3)  [4, 395]
28 (3)  [5, 136]
29 (3)  [27, 449]
30 (3)  [11, 382]
31 (3)  [11, 370]
32 (3)  [1, 246]
33 (3)  [2, 173]
34 (3)  [11, 399]
35 (3)  [6, 450]
36 (2)  [7, 847]
37 (3)  [27, 511]
38 (2)  [5, 10]
39 (3)  [6, 484, 503]
40 (3)  [6, 263, 506]
41 (3)  [7, 460, 923]
42 (3)  [2, 374, 841]
43 (3)  [11, 259, 486]
44 (3)  [8, 424, 552]
45 (2)  [2, 11, 896]
46 (3)  [2, 151, 549]
47 (3)  [4, 526, 548]
48 (3)  [4, 362, 848]
49 (3)  [27, 324, 380]
50 (3)  [27, 432, 556]
51 (3)  [9, 436, 566]
52 (3)  [12, 398, 511]
53 (2)  [3, 854, 959]
54 (3)  [11, 314, 461]
55 (3)  [10, 441, 497]
56 (3)  [3, 163, 554]
57 (3)  [11, 170, 645]
58 (3)  [9, 497, 910]
59 (2)  [10, 850, 917]
60 (3)  [6, 10, 476]
61 (3)  [27, 382, 441, 496]
62 (3)  [7, 523, 541, 980]
63 (3)  [11, 412, 516, 548]
64 (3)  [8, 426, 472, 541]
65 (3)  [10, 404, 514, 568]
66 (3)  [27, 408, 480, 522]
67 (3)  [10, 383, 429, 995]
68 (3)  [11, 526, 796, 912]
69 (3)  [5, 459, 521, 528]
70 (3)  [13, 312, 563, 816]
71 (3)  [27, 426, 521, 549]
72 (3)  [27, 189, 560, 923]
73 (3)  [12, 301, 480, 510]
74 (3)  [6, 288, 318, 985]
75 (3)  [27, 499, 521, 913]
76 (3)  [11, 449, 541, 736]
77 (3)  [13, 506, 558, 560]
78 (3)  [7, 412, 529, 980]
79 (3)  [5, 118, 525, 962]
80 (3)  [5, 334, 538, 539]
81 (3)  [4, 481, 880, 915]
82 (3)  [12, 232, 291, 997]
83 (3)  [13, 163, 513, 524]
84 (3)  [5, 479, 496, 929]
85 (3)  [1, 536, 538, 697]
86 (3)  [1, 7, 158, 404]
87 (3)  [12, 527, 569, 993]
88 (3)  [7, 107, 206, 549]
89 (3)  [5, 12, 557, 971]
90 (3)  [5, 404, 455, 497, 936]
91 (3)  [6, 430, 544, 877, 997]
92 (3)  [1, 315, 378, 459, 563]
93 (3)  [2, 342, 364, 482, 522]
94 (3)  [4, 421, 551, 557, 942]
95 (3)  [3, 408, 524, 544, 994]
96 (3)  [2, 384, 463, 508, 544]
97 (3)  [2, 448, 512, 546, 549]
98 (3)  [27, 400, 424, 509, 549]
99 (3)  [3, 4, 427, 505, 539]
100 (3)  [12, 182, 713, 733, 976]
101 (3)  [2, 311, 375, 535, 587]
102 (3)  [11, 305, 347, 561, 564]
103 (3)  [13, 504, 528, 546, 944]
104 (3)  [9, 396, 471, 521, 567]
105 (3)  [27, 334, 368, 508, 916]
106 (3)  [10, 151, 623, 818, 890]
107 (3)  [10, 88, 176, 549, 970]
108 (3)  [4, 5, 287, 382, 565]
109 (3)  [13, 387, 428, 546, 900]
110 (3)  [7, 489, 524, 899, 954]
111 (3)  [2, 10, 320, 386, 434]
112 (3)  [1, 12, 316, 568, 944]
113 (3)  [6, 12, 532, 560, 561, 983]
114 (3)  [3, 456, 521, 525, 539, 556]
115 (3)  [7, 168, 244, 541, 545, 550]
116 (3)  [13, 344, 435, 481, 556, 562]
117 (3)  [3, 120, 339, 381, 389, 861]
118 (3)  [9, 79, 386, 514, 527, 980]
119 (3)  [13, 378, 551, 556, 557, 569]
120 (3)  [3, 8, 12, 117, 202, 271]
121 (3)  [10, 168, 223, 491, 548, 952]
122 (3)  [9, 302, 383, 536, 556, 757]
123 (3)  [5, 189, 268, 557, 811, 892]
124 (3)  [5, 230, 538, 546, 556, 916]
125 (3)  [13, 385, 407, 438, 475, 536]
126 (3)  [1, 8, 227, 355, 444, 563]
127 (3)  [7, 173, 300, 381, 509, 528]
128 (3)  [4, 5, 357, 380, 457, 552]
129 (3)  [1, 556, 557, 559, 647, 985]
130 (3)  [13, 320, 370, 504, 560, 733]
131 (3)  [4, 178, 460, 527, 548, 883]
132 (3)  [8, 365, 460, 470, 517, 563]
133 (3)  [1, 438, 458, 520, 705, 932]
134 (3)  [12, 396, 491, 512, 567, 916]
135 (3)  [7, 368, 431, 781, 984, 991]
136 (2)  [10, 28, 474, 478, 485, 494]
137 (3)  [8, 159, 446, 514, 526, 569]
138 (3)  [12, 469, 519, 546, 564, 979]
139 (3)  [7, 12, 218, 397, 539, 548]
140 (3)  [12, 314, 352, 488, 500, 516]
141 (3)  [10, 541, 756, 826, 900, 906]
142 (3)  [13, 228, 298, 492, 523, 545, 565]
143 (3)  [27, 155, 355, 380, 421, 463, 928]
144 (3)  [13, 360, 413, 463, 550, 568, 748]
145 (3)  [8, 285, 452, 486, 529, 546, 868]
146 (3)  [4, 8, 363, 424, 526, 538, 564]
147 (3)  [4, 157, 410, 440, 441, 960, 996]
148 (3)  [27, 418, 459, 527, 529, 567, 976]
149 (3)  [2, 189, 237, 382, 449, 520, 847]
150 (3)  [7, 8, 9, 164, 465, 492, 537]
151 (2)  [3, 46, 106, 451, 492, 541, 953]
152 (3)  [6, 348, 437, 464, 509, 512, 950]
153 (3)  [13, 233, 414, 544, 800, 933, 968]
154 (3)  [2, 6, 433, 449, 518, 563, 886]
155 (3)  [5, 6, 143, 261, 507, 569, 991]
156 (3)  [2, 4, 379, 429, 892, 908, 922]
157 (3)  [8, 147, 504, 511, 542, 557, 953]
158 (3)  [12, 86, 217, 511, 530, 547, 994]
159 (3)  [9, 137, 306, 536, 543, 567, 827]
160 (3)  [12, 333, 358, 460, 515, 548, 565]
161 (3)  [2, 291, 455, 527, 541, 542, 549]
162 (3)  [5, 9, 190, 419, 426, 898, 970]
163 (3)  [6, 56, 83, 393, 518, 559, 888]
164 (3)  [8, 150, 418, 454, 566, 622, 648]
165 (3)  [12, 440, 488, 522, 956, 961, 971]
166 (3)  [9, 271, 396, 503, 508, 851, 941]
167 (3)  [7, 233, 516, 533, 553, 568, 987]
168 (3)  [8, 11, 115, 121, 192, 248, 550]
169 (3)  [6, 300, 328, 429, 463, 516, 539, 585]
170 (2)  [11, 57, 228, 283, 462, 464, 526, 976]
171 (3)  [8, 339, 521, 540, 545, 551, 554, 716]
172 (3)  [2, 9, 310, 326, 374, 453, 485, 659]
173 (2)  [5, 33, 127, 323, 373, 440, 535, 552]
174 (3)  [1, 221, 373, 466, 509, 535, 544, 891]
175 (3)  [7, 27, 237, 440, 447, 525, 542, 753]
176 (2)  [1, 13, 107, 202, 333, 368, 559, 655]
177 (3)  [6, 252, 461, 508, 522, 532, 558, 569]
178 (3)  [27, 131, 206, 424, 427, 495, 542, 554]
179 (3)  [11, 368, 402, 459, 488, 514, 540, 895]
180 (3)  [7, 9, 229, 343, 448, 560, 573, 929]
181 (3)  [8, 337, 382, 532, 533, 538, 893, 944]
182 (2)  [1, 10, 100, 280, 338, 429, 511, 739]
183 (3)  [27, 290, 299, 389, 424, 559, 771, 912]
184 (2)  [7, 308, 435, 495, 511, 558, 570, 903]
185 (3)  [2, 501, 515, 516, 553, 862, 981, 991]
186 (3)  [10, 409, 444, 473, 484, 523, 526, 529]
187 (3)  [5, 462, 487, 504, 850, 955, 985, 997]
188 (3)  [10, 12, 27, 248, 312, 460, 813, 840]
189 (3)  [10, 72, 123, 149, 239, 463, 653, 959]
190 (3)  [5, 162, 225, 253, 489, 524, 816, 973]
191 (3)  [13, 473, 478, 516, 808, 835, 893, 938]
192 (3)  [13, 168, 322, 470, 496, 520, 880, 991]
193 (3)  [10, 342, 384, 436, 480, 484, 536, 569, 921]
194 (3)  [13, 406, 410, 422, 426, 441, 568, 919, 973]
195 (3)  [3, 8, 420, 490, 515, 567, 659, 830, 974]
196 (3)  [9, 462, 463, 474, 515, 534, 561, 562, 564]
197 (3)  [7, 268, 282, 303, 539, 547, 566, 779, 924]
198 (3)  [27, 277, 307, 413, 414, 494, 552, 554, 954]
199 (3)  [27, 310, 354, 549, 879, 901, 902, 907, 984]
200 (3)  [2, 364, 484, 502, 503, 516, 555, 666, 888]
201 (3)  [9, 221, 240, 385, 399, 443, 465, 516, 540]
202 (3)  [12, 13, 120, 176, 322, 337, 403, 451, 556]
203 (3)  [3, 7, 453, 461, 495, 548, 564, 567, 676]
204 (3)  [8, 299, 336, 389, 468, 495, 525, 830, 939]
205 (3)  [12, 234, 414, 533, 546, 547, 568, 569, 921]
206 (3)  [3, 88, 178, 482, 492, 530, 564, 937, 980]
207 (3)  [2, 13, 208, 479, 517, 519, 546, 564, 945]
208 (3)  [7, 207, 218, 412, 499, 534, 561, 794, 912]
209 (3)  [9, 13, 315, 330, 356, 439, 466, 475, 501]
210 (3)  [9, 10, 289, 323, 343, 360, 375, 476, 526, 811]
211 (3)  [27, 222, 461, 477, 507, 510, 533, 542, 885, 945]
212 (3)  [3, 225, 317, 357, 384, 416, 501, 556, 557, 930]
213 (3)  [2, 305, 329, 400, 458, 512, 528, 542, 968, 987]
214 (3)  [1, 346, 410, 445, 474, 505, 510, 512, 560, 565]
215 (3)  [3, 243, 443, 494, 520, 522, 528, 550, 559, 989]
216 (3)  [11, 346, 388, 419, 478, 482, 527, 542, 548, 894]
217 (3)  [5, 158, 240, 310, 348, 410, 482, 513, 532, 891]
218 (3)  [12, 139, 208, 252, 379, 431, 487, 583, 923, 963]
219 (3)  [9, 331, 377, 407, 483, 505, 553, 556, 567, 914]
220 (3)  [27, 223, 268, 286, 305, 415, 448, 558, 566, 904]
221 (3)  [8, 9, 174, 201, 399, 502, 560, 569, 740, 869]
222 (3)  [4, 211, 287, 330, 371, 387, 496, 503, 892, 918]
223 (3)  [10, 121, 220, 282, 447, 467, 522, 550, 677, 898]
224 (3)  [7, 12, 13, 319, 373, 475, 522, 539, 555, 568]
225 (3)  [10, 190, 212, 262, 317, 377, 425, 464, 524, 996]
226 (3)  [6, 9, 27, 259, 293, 463, 561, 763, 881, 908]
227 (3)  [27, 126, 383, 397, 402, 497, 514, 555, 556, 819, 968]
228 (3)  [1, 5, 142, 170, 310, 373, 489, 541, 544, 665, 667]
229 (3)  [2, 6, 7, 180, 321, 395, 495, 560, 562, 837, 995]
230 (3)  [4, 7, 11, 124, 242, 427, 440, 492, 523, 546, 852]
231 (3)  [3, 7, 9, 13, 388, 412, 466, 496, 527, 535, 969]
232 (3)  [1, 82, 263, 423, 453, 488, 529, 540, 545, 568, 882]
233 (3)  [9, 13, 153, 167, 241, 495, 546, 804, 824, 897, 940]
234 (3)  [2, 205, 239, 416, 460, 477, 482, 488, 538, 563, 708]
235 (3)  [6, 27, 393, 427, 439, 475, 487, 506, 507, 531, 553]
236 (3)  [3, 302, 446, 448, 449, 501, 505, 526, 831, 976, 995]
237 (3)  [9, 11, 149, 175, 293, 370, 506, 539, 550, 559, 567]
238 (3)  [4, 9, 321, 340, 351, 520, 533, 541, 679, 793, 821]
239 (3)  [11, 189, 234, 270, 441, 462, 537, 542, 551, 559, 568]
240 (3)  [6, 201, 217, 276, 292, 399, 504, 550, 552, 561, 831]
241 (3)  [13, 233, 316, 365, 460, 470, 484, 489, 526, 553, 973]
242 (3)  [8, 230, 290, 354, 411, 502, 529, 534, 565, 915, 960]
243 (3)  [9, 215, 256, 407, 450, 456, 466, 472, 475, 505, 567]
244 (3)  [7, 115, 259, 282, 359, 385, 562, 947, 960, 967, 995]
245 (3)  [2, 5, 8, 13, 378, 424, 462, 487, 565, 712, 991]
246 (2)  [12, 27, 32, 263, 356, 497, 500, 528, 548, 724, 874]
247 (3)  [2, 290, 365, 373, 414, 446, 496, 545, 683, 788, 943]
248 (3)  [4, 11, 168, 188, 366, 377, 444, 524, 532, 548, 569, 591]
249 (2)  [2, 6, 9, 284, 425, 491, 516, 519, 550, 557, 585, 963]
250 (3)  [8, 11, 425, 451, 469, 494, 500, 506, 511, 518, 565, 953]
251 (3)  [2, 4, 281, 378, 409, 412, 504, 509, 541, 555, 567, 569]
252 (3)  [10, 27, 177, 218, 273, 389, 459, 521, 530, 536, 917, 937]
253 (3)  [1, 6, 13, 190, 384, 433, 477, 510, 521, 530, 546, 558]
254 (3)  [10, 371, 428, 485, 504, 539, 555, 565, 955, 985, 989, 992]
255 (3)  [7, 10, 324, 359, 367, 415, 438, 470, 505, 533, 546, 562]
256 (3)  [6, 243, 332, 345, 354, 481, 486, 532, 786, 867, 940, 953]
257 (3)  [7, 12, 372, 464, 469, 484, 514, 531, 562, 568, 705, 789]
258 (3)  [6, 8, 12, 283, 494, 505, 523, 552, 554, 565, 853, 979]
259 (3)  [11, 43, 226, 244, 373, 409, 469, 500, 511, 512, 536, 687]
260 (3)  [12, 313, 347, 442, 489, 490, 540, 568, 905, 940, 977, 978]
261 (3)  [3, 155, 348, 494, 500, 506, 512, 521, 529, 539, 540, 746, 840]
262 (3)  [8, 225, 328, 376, 417, 433, 516, 544, 547, 557, 561, 942, 989]
263 (3)  [11, 27, 40, 232, 246, 432, 436, 461, 526, 567, 840, 953, 989]
264 (2)  [7, 13, 347, 369, 424, 513, 519, 544, 551, 559, 562, 687, 994]
265 (3)  [12, 356, 382, 450, 526, 536, 537, 552, 559, 617, 851, 982, 994]
266 (3)  [7, 12, 293, 427, 469, 536, 537, 548, 568, 857, 937, 955, 981]
267 (3)  [3, 371, 389, 464, 495, 521, 526, 537, 544, 790, 877, 939, 959]
268 (3)  [4, 27, 123, 197, 220, 391, 411, 520, 532, 536, 543, 554, 564]
269 (3)  [7, 10, 12, 321, 436, 512, 519, 527, 531, 538, 855, 904, 912]
270 (3)  [13, 239, 310, 335, 357, 444, 493, 531, 539, 553, 554, 982, 987]
271 (2)  [5, 120, 166, 327, 349, 407, 486, 518, 529, 550, 578, 816, 935]
272 (3)  [5, 294, 430, 433, 441, 519, 530, 541, 543, 564, 569, 744, 943]
273 (3)  [13, 252, 364, 464, 467, 474, 481, 486, 518, 529, 558, 565, 963]
274 (3)  [2, 3, 9, 332, 431, 432, 440, 442, 448, 497, 503, 505, 516]
275 (2)  [13, 338, 431, 435, 448, 508, 649, 804, 832, 893, 930, 932, 949]
276 (3)  [1, 2, 240, 291, 375, 383, 401, 421, 495, 502, 565, 781, 846, 987]
277 (3)  [5, 198, 278, 346, 361, 414, 543, 545, 552, 553, 558, 833, 896, 996]
278 (3)  [1, 3, 9, 277, 339, 369, 437, 440, 460, 461, 468, 555, 971, 978]
279 (3)  [8, 320, 382, 438, 442, 459, 517, 518, 528, 546, 697, 964, 979, 994]
280 (3)  [12, 27, 182, 320, 352, 434, 445, 500, 510, 521, 532, 537, 540, 907]
281 (3)  [4, 11, 251, 382, 476, 500, 510, 517, 550, 551, 567, 763, 778, 904]
282 (3)  [12, 197, 223, 244, 284, 291, 409, 448, 459, 534, 550, 738, 763, 982]
283 (3)  [8, 170, 258, 333, 495, 496, 513, 514, 556, 562, 568, 755, 770, 949]
284 (3)  [8, 13, 27, 249, 282, 315, 378, 390, 441, 471, 491, 535, 557, 757]
285 (2)  [9, 12, 13, 145, 424, 480, 514, 555, 559, 665, 756, 871, 928, 979]
286 (3)  [10, 220, 289, 298, 371, 403, 415, 443, 503, 542, 549, 765, 826, 987]
287 (3)  [12, 108, 222, 289, 357, 363, 406, 440, 450, 510, 540, 554, 562, 976]
288 (3)  [2, 3, 74, 408, 466, 477, 489, 491, 496, 556, 812, 882, 930, 949]
289 (3)  [3, 210, 286, 287, 393, 458, 475, 481, 489, 498, 532, 549, 561, 568, 728]
290 (3)  [10, 27, 183, 242, 247, 304, 351, 382, 392, 406, 475, 497, 505, 538, 582]
291 (2)  [4, 12, 82, 161, 276, 282, 407, 411, 524, 548, 552, 557, 752, 955, 995]
292 (3)  [11, 240, 356, 399, 405, 429, 438, 440, 499, 530, 531, 552, 554, 572, 905]
293 (3)  [13, 226, 237, 266, 326, 399, 425, 426, 436, 456, 554, 561, 598, 929, 957]
294 (3)  [11, 272, 318, 339, 353, 465, 470, 475, 481, 483, 485, 500, 504, 569, 909]
295 (3)  [7, 13, 341, 394, 450, 478, 486, 504, 507, 533, 537, 556, 700, 918, 987]
296 (3)  [1, 313, 333, 441, 483, 492, 498, 508, 515, 517, 553, 558, 708, 980, 995]
297 (3)  [3, 5, 8, 377, 384, 418, 433, 471, 475, 490, 495, 541, 563, 800, 996]
298 (3)  [6, 7, 142, 286, 305, 317, 362, 363, 462, 463, 522, 563, 564, 678, 894]
299 (3)  [7, 13, 183, 204, 328, 398, 437, 454, 525, 548, 550, 561, 562, 814, 962]
300 (3)  [6, 27, 127, 169, 372, 422, 499, 506, 510, 519, 533, 535, 545, 626, 970]
301 (3)  [13, 73, 333, 403, 439, 448, 456, 482, 524, 544, 554, 556, 602, 709, 739]
302 (3)  [11, 122, 236, 357, 383, 397, 423, 467, 490, 513, 535, 558, 564, 889, 984]
303 (3)  [12, 197, 371, 393, 447, 470, 472, 517, 548, 549, 553, 554, 568, 726, 988]
304 (3)  [9, 290, 315, 391, 471, 483, 493, 505, 525, 544, 546, 554, 564, 566, 568]
305 (2)  [9, 102, 213, 220, 298, 327, 378, 452, 492, 517, 535, 555, 602, 666, 773]
306 (3)  [10, 13, 159, 339, 405, 423, 437, 481, 511, 517, 540, 550, 555, 556, 565, 887]
307 (3)  [4, 198, 345, 400, 435, 471, 497, 520, 551, 555, 559, 565, 908, 920, 943, 957]
308 (3)  [9, 184, 372, 394, 413, 437, 460, 462, 514, 538, 546, 557, 563, 663, 744, 996]
309 (3)  [1, 349, 406, 414, 415, 442, 470, 519, 527, 558, 586, 624, 824, 885, 905, 927]
310 (3)  [5, 172, 199, 217, 228, 270, 385, 403, 445, 448, 483, 513, 537, 943, 969, 979]
311 (3)  [2, 6, 12, 101, 373, 386, 434, 459, 537, 540, 556, 561, 562, 682, 803, 871]
312 (3)  [11, 70, 188, 340, 385, 393, 418, 420, 475, 495, 525, 563, 628, 819, 955, 995]
313 (2)  [11, 27, 260, 296, 405, 458, 496, 497, 512, 528, 537, 545, 546, 617, 704, 778]
314 (3)  [7, 10, 54, 140, 333, 398, 478, 508, 515, 529, 543, 547, 548, 556, 559, 637]
315 (3)  [10, 27, 92, 209, 284, 304, 336, 370, 371, 393, 501, 525, 555, 642, 658, 930]
316 (3)  [3, 8, 112, 241, 327, 426, 443, 494, 511, 525, 537, 552, 567, 886, 958, 972]
317 (3)  [4, 12, 212, 225, 298, 343, 358, 417, 473, 476, 481, 513, 535, 563, 701, 896]
318 (2)  [6, 9, 74, 294, 340, 409, 475, 480, 486, 523, 527, 533, 534, 545, 556, 974]
319 (3)  [13, 224, 406, 423, 447, 454, 463, 494, 519, 522, 532, 541, 568, 690, 980, 993]
320 (3)  [27, 111, 130, 279, 280, 482, 496, 499, 504, 522, 543, 562, 849, 936, 975, 977]
321 (3)  [4, 229, 238, 269, 368, 501, 509, 512, 516, 519, 534, 557, 565, 567, 838, 982]
322 (3)  [1, 9, 13, 192, 202, 460, 472, 481, 493, 525, 528, 532, 538, 557, 558, 563, 934]
323 (3)  [7, 173, 210, 389, 392, 446, 461, 502, 509, 515, 518, 522, 538, 542, 547, 551, 560]
324 (3)  [3, 49, 255, 340, 343, 372, 436, 479, 498, 506, 520, 526, 546, 556, 563, 569, 673]
325 (3)  [5, 13, 337, 359, 459, 465, 472, 499, 529, 541, 542, 545, 557, 560, 812, 922, 923]
326 (3)  [2, 4, 172, 293, 377, 476, 516, 520, 533, 544, 548, 564, 566, 731, 760, 805, 865]
327 (3)  [1, 11, 271, 305, 316, 405, 423, 449, 464, 476, 512, 537, 546, 557, 560, 563, 567]
328 (3)  [6, 11, 169, 262, 299, 462, 506, 518, 529, 540, 542, 562, 565, 957, 977, 990, 994]
329 (3)  [6, 7, 27, 213, 334, 380, 432, 435, 527, 537, 538, 558, 567, 744, 860, 908, 985]
330 (2)  [10, 209, 222, 360, 391, 462, 464, 493, 496, 552, 558, 562, 581, 634, 907, 946, 995]
331 (3)  [13, 219, 352, 361, 466, 497, 509, 510, 529, 531, 538, 539, 547, 552, 564, 674, 958]
332 (3)  [4, 256, 274, 372, 434, 460, 501, 538, 539, 553, 556, 559, 562, 563, 650, 951, 960]
333 (2)  [5, 160, 176, 283, 296, 301, 314, 371, 376, 419, 433, 441, 515, 541, 597, 605, 766]
334 (3)  [12, 80, 105, 329, 385, 438, 458, 485, 505, 520, 522, 525, 562, 767, 876, 961, 989]
335 (3)  [3, 270, 352, 354, 418, 447, 456, 485, 521, 548, 555, 557, 561, 564, 566, 759, 992]
336 (3)  [6, 10, 13, 204, 315, 355, 414, 518, 523, 526, 543, 544, 567, 848, 941, 969, 992]
337 (3)  [8, 13, 181, 202, 325, 456, 468, 488, 492, 504, 521, 522, 525, 563, 735, 906, 913]
338 (3)  [3, 5, 8, 182, 275, 369, 374, 392, 418, 455, 478, 506, 508, 527, 546, 798, 870]
339 (2)  [11, 117, 171, 278, 294, 306, 362, 370, 393, 457, 471, 529, 534, 615, 784, 950, 963]
340 (2)  [1, 5, 12, 13, 238, 312, 318, 324, 426, 445, 452, 474, 479, 510, 555, 561, 697]
341 (3)  [1, 4, 12, 295, 343, 377, 397, 417, 437, 458, 477, 500, 520, 530, 540, 557, 789, 949]
342 (3)  [10, 11, 93, 193, 497, 507, 511, 512, 515, 517, 518, 552, 568, 932, 935, 952, 963, 970]
343 (3)  [3, 7, 12, 180, 210, 317, 324, 341, 348, 355, 396, 423, 477, 485, 520, 552, 553, 961]
344 (3)  [2, 6, 116, 377, 395, 407, 433, 440, 476, 503, 508, 512, 529, 544, 557, 568, 750, 775]
345 (3)  [1, 3, 256, 307, 357, 392, 451, 469, 482, 491, 514, 568, 793, 809, 879, 927, 932, 997]
346 (3)  [2, 214, 216, 277, 348, 388, 398, 417, 462, 488, 498, 501, 517, 566, 568, 858, 925, 945]
347 (3)  [5, 102, 260, 264, 417, 455, 457, 484, 502, 526, 529, 541, 548, 553, 565, 566, 569, 995]
348 (3)  [1, 152, 217, 261, 343, 346, 376, 411, 440, 449, 478, 489, 504, 827, 940, 954, 961, 989]
349 (3)  [5, 271, 309, 381, 462, 466, 480, 489, 518, 533, 544, 557, 560, 563, 564, 568, 806, 864]
350 (3)  [4, 384, 427, 452, 467, 470, 487, 488, 505, 534, 538, 552, 555, 559, 797, 936, 967, 989]
351 (3)  [4, 6, 238, 290, 404, 424, 443, 474, 484, 500, 513, 530, 531, 537, 546, 937, 982, 994]
352 (3)  [9, 27, 140, 280, 331, 335, 360, 434, 446, 452, 482, 486, 562, 802, 921, 939, 946, 994]
353 (3)  [2, 6, 294, 357, 366, 375, 389, 407, 467, 500, 550, 554, 818, 881, 889, 917, 972, 994]
354 (3)  [2, 199, 242, 256, 335, 383, 451, 467, 508, 531, 538, 545, 601, 848, 883, 889, 897, 969]
355 (3)  [3, 10, 13, 126, 143, 336, 343, 451, 454, 469, 474, 486, 491, 492, 504, 532, 565, 566, 906]
356 (2)  [2, 6, 8, 209, 246, 265, 292, 424, 468, 493, 500, 518, 553, 563, 627, 904, 908, 910, 914]
357 (3)  [27, 128, 212, 270, 287, 302, 345, 353, 375, 414, 466, 478, 490, 506, 532, 544, 568, 569, 839]
358 (3)  [10, 11, 160, 317, 387, 402, 409, 413, 435, 482, 534, 536, 547, 549, 569, 842, 931, 933, 983]
359 (3)  [3, 244, 255, 325, 403, 415, 437, 447, 490, 501, 513, 523, 542, 552, 555, 558, 565, 865, 993]
360 (3)  [6, 12, 27, 144, 210, 330, 352, 379, 400, 409, 411, 452, 469, 502, 525, 528, 551, 555, 895]
361 (3)  [3, 277, 331, 388, 420, 447, 466, 477, 509, 510, 512, 519, 524, 530, 540, 549, 749, 875, 979]
362 (2)  [7, 8, 13, 48, 298, 339, 390, 407, 501, 515, 516, 524, 525, 532, 547, 861, 945, 965, 994]
363 (3)  [27, 146, 287, 298, 390, 406, 417, 498, 530, 541, 545, 547, 562, 564, 565, 844, 874, 951, 992]
364 (3)  [8, 13, 93, 200, 273, 372, 391, 395, 415, 467, 473, 476, 512, 514, 517, 540, 548, 567, 928]
365 (2)  [11, 12, 132, 241, 247, 404, 407, 421, 452, 456, 520, 522, 524, 541, 563, 586, 765, 774, 815]
366 (2)  [6, 248, 353, 381, 409, 464, 488, 504, 517, 546, 555, 632, 753, 797, 806, 833, 926, 994, 997]
367 (3)  [7, 11, 27, 255, 380, 399, 439, 452, 453, 508, 516, 542, 545, 553, 555, 560, 567, 568, 795, 917]
368 (3)  [5, 10, 105, 135, 176, 179, 321, 405, 445, 446, 450, 478, 500, 510, 530, 553, 556, 557, 741, 927]
369 (3)  [9, 27, 264, 278, 338, 380, 434, 464, 480, 505, 508, 546, 547, 550, 557, 658, 824, 839, 949, 963]
370 (2)  [8, 13, 31, 130, 237, 315, 339, 380, 420, 425, 473, 546, 558, 567, 685, 729, 867, 894, 929, 954]
371 (3)  [2, 5, 222, 254, 267, 286, 303, 315, 333, 443, 448, 511, 520, 524, 527, 533, 552, 592, 629, 918]
372 (3)  [8, 257, 300, 308, 324, 332, 364, 396, 403, 415, 463, 483, 487, 493, 531, 554, 569, 589, 685, 931]
373 (3)  [6, 8, 173, 174, 224, 228, 247, 259, 311, 404, 406, 443, 465, 482, 524, 533, 536, 557, 566, 872]
374 (2)  [10, 11, 27, 42, 172, 338, 430, 452, 480, 497, 498, 530, 538, 547, 548, 559, 838, 841, 889, 914, 933]
375 (3)  [3, 4, 101, 210, 276, 353, 357, 381, 398, 402, 484, 493, 501, 552, 555, 556, 559, 565, 752, 806, 951]
376 (3)  [6, 262, 333, 348, 401, 503, 507, 512, 516, 524, 525, 527, 528, 551, 555, 565, 566, 796, 962, 964, 993]
377 (3)  [8, 219, 225, 248, 297, 326, 341, 344, 385, 394, 410, 453, 454, 483, 493, 517, 530, 564, 859, 899, 950]
378 (3)  [9, 92, 119, 245, 251, 284, 305, 381, 392, 400, 438, 445, 483, 496, 499, 535, 543, 555, 561, 885, 941]
379 (3)  [5, 156, 218, 360, 421, 422, 469, 499, 514, 519, 521, 525, 550, 552, 568, 732, 814, 816, 926, 942, 966]
380 (2)  [7, 13, 49, 128, 143, 329, 367, 369, 370, 457, 474, 477, 515, 547, 548, 565, 656, 681, 902, 924, 930]
381 (2)  [10, 117, 127, 349, 366, 375, 378, 410, 434, 490, 493, 507, 514, 557, 558, 561, 563, 565, 628, 900, 995]
382 (2)  [8, 30, 61, 108, 149, 181, 265, 279, 281, 290, 399, 497, 511, 544, 555, 668, 878, 933, 976, 977, 996]
383 (3)  [6, 67, 122, 227, 276, 302, 354, 402, 461, 478, 503, 506, 509, 535, 552, 561, 566, 814, 909, 945, 997]
384 (3)  [2, 10, 96, 193, 212, 253, 297, 350, 386, 423, 443, 490, 531, 545, 547, 549, 551, 552, 561, 568, 995]
385 (3)  [7, 10, 27, 125, 201, 244, 310, 312, 334, 377, 425, 499, 504, 513, 522, 539, 556, 569, 706, 842, 932]
386 (2)  [9, 12, 111, 118, 311, 384, 410, 414, 454, 508, 509, 521, 537, 539, 553, 554, 564, 619, 888, 922, 938, 947]
387 (3)  [11, 12, 109, 222, 358, 390, 438, 462, 468, 479, 500, 511, 520, 535, 540, 542, 546, 550, 553, 797, 815, 992]
388 (2)  [3, 12, 13, 23, 216, 231, 346, 361, 437, 481, 512, 515, 548, 557, 561, 750, 819, 965, 966, 981, 987, 996]
389 (3)  [2, 7, 117, 183, 204, 252, 267, 323, 353, 402, 407, 415, 434, 444, 448, 484, 517, 543, 553, 621, 845, 901]
390 (3)  [27, 284, 362, 363, 387, 403, 415, 442, 477, 484, 491, 501, 508, 519, 526, 536, 545, 546, 568, 698, 911, 965]
391 (3)  [1, 5, 12, 268, 304, 330, 364, 404, 452, 529, 540, 552, 560, 565, 566, 666, 733, 766, 822, 831, 843, 891]
392 (3)  [6, 11, 290, 323, 338, 345, 378, 480, 481, 507, 510, 517, 519, 520, 529, 533, 551, 557, 565, 611, 692, 771]
393 (3)  [2, 27, 163, 235, 289, 303, 312, 315, 339, 418, 460, 478, 484, 487, 527, 528, 536, 567, 738, 817, 948, 951]
394 (2)  [3, 9, 27, 295, 308, 377, 487, 501, 547, 553, 557, 560, 566, 710, 714, 736, 884, 908, 913, 916, 983, 984]
395 (2)  [11, 27, 229, 344, 364, 421, 449, 455, 464, 475, 480, 492, 513, 540, 544, 547, 566, 686, 733, 812, 942, 967]
396 (3)  [10, 104, 134, 166, 343, 372, 443, 484, 490, 493, 495, 502, 503, 521, 528, 532, 540, 541, 554, 557, 560, 561, 912]
397 (3)  [3, 7, 27, 139, 227, 302, 341, 421, 465, 480, 483, 485, 490, 503, 519, 525, 546, 547, 556, 567, 569, 980, 989]
398 (3)  [4, 12, 52, 299, 314, 346, 375, 436, 489, 516, 521, 523, 534, 539, 543, 564, 565, 766, 878, 879, 945, 983, 988]
399 (2)  [2, 4, 5, 34, 201, 221, 240, 292, 293, 367, 382, 462, 509, 512, 516, 542, 543, 564, 566, 724, 730, 757, 982]
400 (3)  [10, 98, 213, 307, 360, 378, 405, 431, 436, 451, 461, 463, 466, 509, 528, 534, 546, 550, 561, 566, 568, 880, 920, 980]
401 (2)  [3, 12, 13, 27, 276, 376, 439, 469, 488, 502, 503, 519, 521, 535, 541, 542, 549, 550, 563, 566, 567, 569, 599, 891]
402 (3)  [11, 179, 227, 358, 375, 383, 389, 454, 488, 497, 501, 521, 522, 538, 547, 549, 553, 556, 843, 884, 893, 934, 936, 971]
403 (2)  [2, 3, 7, 27, 202, 286, 301, 310, 359, 372, 390, 441, 486, 529, 535, 537, 543, 544, 552, 562, 567, 723, 808, 870]
404 (2)  [7, 65, 86, 90, 351, 365, 373, 391, 432, 462, 477, 486, 489, 492, 493, 502, 540, 548, 552, 554, 569, 909, 964, 968]
405 (3)  [4, 292, 306, 313, 327, 368, 400, 410, 427, 428, 438, 444, 491, 503, 512, 519, 529, 531, 534, 535, 728, 929, 966, 991]
406 (3)  [3, 6, 194, 287, 290, 309, 319, 363, 373, 462, 479, 502, 509, 520, 521, 546, 548, 557, 568, 761, 770, 866, 896, 931]
407 (3)  [2, 3, 6, 8, 125, 219, 243, 271, 291, 344, 353, 362, 365, 389, 422, 434, 462, 471, 514, 559, 567, 568, 913, 959]
408 (2)  [4, 5, 13, 15, 66, 95, 288, 419, 457, 469, 493, 506, 530, 539, 541, 544, 550, 565, 566, 574, 747, 902, 939, 978]
409 (3)  [8, 9, 186, 251, 259, 282, 318, 358, 360, 366, 424, 442, 444, 462, 476, 478, 495, 523, 542, 549, 562, 707, 949, 996]
410 (3)  [3, 4, 12, 27, 147, 194, 214, 217, 377, 381, 386, 405, 417, 447, 458, 502, 510, 514, 537, 548, 554, 608, 920, 924]
411 (3)  [7, 242, 268, 291, 348, 360, 418, 426, 428, 446, 451, 462, 466, 497, 505, 534, 538, 542, 560, 567, 772, 823, 879, 952, 973]
412 (3)  [3, 8, 63, 78, 208, 231, 251, 435, 449, 486, 508, 509, 524, 539, 541, 542, 550, 563, 567, 568, 569, 854, 862, 870, 952]
413 (2)  [1, 4, 144, 198, 308, 358, 418, 430, 471, 478, 492, 508, 509, 512, 517, 535, 537, 544, 554, 564, 566, 731, 770, 785, 859]
414 (2)  [1, 3, 9, 12, 17, 153, 198, 205, 247, 277, 309, 336, 357, 386, 424, 486, 488, 495, 498, 518, 529, 683, 829, 975, 988]
415 (3)  [7, 13, 220, 255, 286, 309, 359, 364, 372, 389, 390, 454, 463, 467, 473, 489, 495, 509, 517, 545, 548, 821, 954, 977, 989]
416 (2)  [8, 212, 234, 417, 444, 458, 468, 496, 516, 518, 528, 530, 537, 548, 549, 556, 558, 561, 564, 566, 691, 738, 790, 926, 941]
417 (2)  [1, 4, 27, 262, 317, 341, 346, 347, 363, 410, 416, 464, 483, 514, 524, 543, 545, 546, 554, 564, 569, 651, 780, 852, 864]
418 (3)  [13, 148, 164, 297, 312, 335, 338, 393, 411, 413, 451, 455, 498, 541, 545, 550, 552, 597, 606, 717, 727, 834, 842, 922, 956]
419 (2)  [1, 3, 7, 9, 12, 13, 162, 216, 333, 408, 445, 454, 490, 515, 533, 542, 556, 565, 566, 630, 751, 841, 894, 925, 935]
420 (2)  [11, 12, 195, 312, 361, 370, 438, 453, 459, 497, 506, 526, 527, 532, 545, 548, 549, 550, 553, 559, 563, 601, 726, 841, 929, 958]
421 (3)  [5, 9, 10, 12, 94, 143, 276, 365, 379, 395, 397, 447, 475, 477, 491, 498, 527, 532, 534, 551, 557, 567, 782, 837, 975, 988]
422 (3)  [4, 5, 194, 300, 379, 407, 455, 462, 488, 491, 492, 494, 502, 519, 525, 527, 531, 540, 546, 553, 563, 565, 752, 859, 892, 969]
423 (3)  [3, 7, 232, 302, 306, 319, 327, 343, 384, 450, 456, 457, 490, 533, 536, 542, 543, 544, 550, 567, 778, 856, 860, 894, 970, 986]
424 (3)  [13, 44, 98, 146, 178, 183, 245, 264, 285, 351, 356, 409, 414, 432, 485, 510, 512, 530, 538, 569, 593, 671, 950, 961, 984, 987]
425 (2)  [9, 10, 12, 225, 249, 250, 293, 370, 385, 459, 463, 480, 508, 521, 527, 550, 551, 554, 568, 637, 707, 772, 912, 949, 964, 995]
426 (2)  [3, 4, 7, 64, 71, 162, 194, 293, 316, 340, 411, 432, 449, 484, 500, 502, 506, 511, 524, 529, 534, 541, 607, 846, 861, 968, 981]
427 (3)  [10, 99, 178, 230, 235, 266, 350, 405, 434, 450, 481, 485, 491, 494, 498, 516, 517, 535, 551, 552, 556, 566, 569, 774, 968, 985, 996]
428 (2)  [4, 8, 109, 254, 405, 411, 442, 452, 485, 486, 495, 500, 503, 517, 519, 529, 532, 534, 536, 545, 566, 571, 780, 809, 876, 934, 937]
429 (2)  [6, 7, 67, 156, 169, 182, 292, 444, 451, 458, 467, 474, 476, 481, 482, 495, 525, 545, 549, 569, 660, 720, 742, 801, 932, 954, 990]
430 (3)  [4, 91, 272, 374, 413, 445, 451, 452, 458, 460, 466, 475, 496, 498, 508, 510, 515, 519, 522, 523, 524, 548, 567, 836, 843, 905, 949]
431 (2)  [8, 135, 218, 274, 275, 400, 432, 452, 454, 466, 481, 514, 524, 527, 537, 544, 546, 552, 555, 558, 562, 589, 690, 865, 882, 944, 966]
432 (2)  [4, 11, 50, 263, 274, 329, 404, 424, 426, 431, 449, 450, 451, 477, 485, 505, 506, 519, 522, 550, 555, 564, 580, 769, 910, 946, 992]
433 (3)  [5, 6, 27, 154, 253, 262, 272, 297, 333, 344, 494, 496, 500, 502, 508, 521, 526, 537, 541, 545, 553, 554, 561, 569, 640, 877, 957, 970]
434 (3)  [13, 111, 280, 311, 332, 352, 369, 381, 389, 407, 427, 455, 488, 498, 509, 513, 523, 535, 538, 545, 557, 560, 567, 662, 748, 906, 995, 996]
435 (3)  [10, 12, 116, 184, 275, 307, 329, 358, 412, 439, 451, 479, 506, 516, 525, 526, 528, 544, 549, 551, 559, 564, 566, 568, 669, 900, 977, 997]
436 (2)  [6, 10, 13, 51, 193, 263, 269, 293, 324, 398, 400, 437, 448, 449, 476, 480, 523, 536, 548, 559, 566, 569, 581, 588, 674, 895, 987, 996]
437 (3)  [12, 27, 152, 278, 299, 306, 308, 341, 359, 388, 436, 486, 487, 517, 535, 542, 546, 549, 554, 557, 696, 773, 834, 919, 927, 962, 971, 989]
438 (3)  [4, 10, 11, 13, 27, 125, 133, 255, 279, 292, 334, 378, 387, 405, 420, 448, 451, 454, 461, 468, 488, 506, 516, 522, 525, 559, 566, 892]
439 (3)  [4, 209, 235, 301, 367, 401, 435, 466, 473, 486, 492, 499, 512, 524, 529, 542, 547, 548, 550, 552, 562, 564, 567, 765, 840, 935, 951, 993]
440 (3)  [5, 13, 147, 165, 173, 175, 230, 274, 278, 287, 292, 344, 348, 450, 468, 477, 484, 490, 521, 534, 550, 554, 555, 564, 567, 568, 569, 777]
441 (2)  [5, 7, 9, 55, 61, 147, 194, 239, 272, 284, 296, 333, 403, 447, 455, 459, 474, 480, 482, 513, 533, 558, 560, 565, 842, 936, 969, 971]
442 (3)  [2, 8, 260, 274, 279, 309, 390, 409, 428, 452, 457, 470, 480, 484, 485, 489, 494, 500, 504, 510, 511, 550, 554, 558, 562, 563, 854, 977]
443 (3)  [1, 8, 9, 201, 215, 286, 316, 351, 371, 373, 384, 396, 458, 464, 518, 522, 528, 530, 537, 541, 555, 556, 559, 562, 703, 778, 930, 965, 997]
444 (2)  [6, 126, 186, 248, 270, 389, 405, 409, 416, 429, 480, 481, 543, 545, 547, 551, 552, 553, 555, 558, 559, 560, 561, 564, 566, 567, 654, 658, 849]
445 (2)  [5, 10, 13, 214, 280, 310, 340, 368, 378, 419, 430, 459, 471, 501, 513, 527, 540, 541, 543, 546, 557, 640, 705, 754, 855, 863, 982, 990, 993]
446 (2)  [6, 12, 27, 137, 236, 247, 323, 352, 368, 411, 453, 486, 489, 490, 501, 503, 504, 505, 512, 545, 548, 549, 558, 565, 608, 829, 836, 936, 952]
447 (3)  [1, 5, 9, 175, 223, 303, 319, 335, 359, 361, 410, 421, 441, 489, 513, 531, 536, 543, 545, 551, 555, 568, 689, 818, 935, 965, 980, 991, 995]
448 (3)  [5, 6, 9, 97, 180, 220, 236, 274, 275, 282, 301, 310, 371, 389, 436, 438, 451, 458, 460, 500, 501, 513, 544, 565, 567, 568, 966, 971, 993]
449 (2)  [3, 4, 5, 29, 76, 149, 154, 236, 327, 348, 395, 412, 426, 432, 436, 461, 475, 478, 479, 485, 511, 520, 543, 551, 564, 569, 582, 695, 830, 965]
450 (2)  [2, 5, 27, 35, 243, 265, 287, 295, 368, 423, 427, 432, 440, 452, 456, 458, 470, 479, 484, 498, 517, 518, 528, 541, 543, 561, 884, 956, 983, 996]
451 (3)  [5, 151, 202, 250, 345, 354, 355, 400, 411, 418, 429, 430, 432, 435, 438, 448, 485, 505, 512, 514, 518, 535, 537, 549, 553, 559, 567, 660, 926, 956]
452 (3)  [27, 145, 305, 340, 350, 352, 360, 365, 367, 374, 391, 428, 430, 431, 442, 450, 457, 508, 520, 528, 542, 546, 549, 554, 559, 826, 839, 920, 978, 993]
453 (3)  [8, 9, 27, 172, 203, 232, 367, 377, 420, 446, 493, 496, 515, 516, 517, 519, 537, 539, 540, 547, 549, 555, 558, 559, 562, 563, 569, 754, 838, 913, 976]
454 (3)  [6, 9, 10, 11, 164, 299, 319, 355, 377, 386, 402, 415, 419, 431, 438, 459, 467, 478, 482, 488, 497, 517, 523, 543, 550, 563, 564, 569, 722, 920, 951]
455 (3)  [8, 12, 90, 161, 338, 347, 395, 418, 422, 434, 441, 456, 478, 491, 492, 504, 512, 519, 520, 521, 523, 528, 535, 537, 547, 550, 557, 560, 832, 992, 997]
456 (3)  [1, 12, 27, 114, 243, 293, 301, 335, 337, 365, 423, 450, 455, 476, 482, 486, 519, 522, 524, 529, 532, 535, 542, 544, 548, 551, 560, 562, 569, 956, 975]
457 (3)  [2, 5, 11, 27, 128, 339, 347, 380, 408, 423, 442, 452, 460, 481, 495, 499, 506, 507, 515, 543, 547, 558, 559, 562, 563, 565, 577, 678, 828, 855, 954, 973]
458 (2)  [3, 10, 11, 19, 133, 213, 289, 313, 334, 341, 410, 416, 429, 430, 443, 448, 450, 474, 483, 528, 535, 539, 544, 550, 553, 554, 561, 565, 609, 662, 956, 996]
459 (2)  [11, 69, 92, 148, 179, 252, 279, 282, 311, 325, 420, 425, 441, 445, 454, 485, 515, 519, 524, 528, 533, 540, 554, 559, 560, 561, 563, 565, 642, 813, 944, 959]
460 (2)  [5, 13, 27, 41, 131, 132, 160, 188, 234, 241, 278, 308, 322, 332, 393, 430, 448, 457, 489, 494, 500, 511, 521, 532, 548, 557, 559, 561, 562, 567, 595, 596, 964]
461 (2)  [11, 54, 177, 203, 211, 263, 278, 323, 383, 400, 438, 449, 465, 488, 494, 498, 515, 516, 531, 542, 559, 562, 563, 567, 732, 769, 774, 813, 824, 835, 931, 937, 968]
462 (3)  [9, 27, 170, 187, 196, 239, 245, 298, 308, 328, 330, 346, 349, 387, 399, 404, 406, 407, 409, 411, 422, 483, 505, 511, 512, 535, 555, 556, 569, 646, 819, 837, 900]
463 (2)  [13, 96, 143, 144, 169, 189, 196, 226, 298, 319, 372, 400, 415, 425, 492, 494, 497, 516, 528, 530, 539, 542, 551, 552, 561, 563, 565, 870, 918, 948, 959, 984, 994]
464 (3)  [7, 11, 152, 170, 225, 257, 267, 273, 327, 330, 366, 369, 395, 417, 443, 512, 519, 529, 538, 545, 546, 548, 551, 553, 561, 563, 769, 835, 882, 883, 921, 938, 954]
465 (2)  [2, 8, 10, 27, 150, 201, 294, 325, 373, 397, 461, 469, 485, 510, 514, 516, 531, 532, 537, 540, 551, 561, 567, 569, 699, 729, 732, 761, 869, 886, 887, 961, 992, 993]
466 (3)  [4, 5, 11, 27, 174, 209, 231, 243, 288, 331, 349, 357, 361, 400, 411, 430, 431, 439, 473, 479, 481, 492, 526, 528, 538, 541, 554, 568, 850, 856, 876, 966, 976, 997]
467 (3)  [5, 7, 12, 13, 27, 223, 273, 302, 350, 353, 354, 364, 415, 429, 454, 468, 474, 497, 501, 507, 510, 535, 536, 537, 546, 557, 560, 564, 567, 569, 717, 812, 960, 993]
468 (3)  [2, 4, 9, 10, 204, 278, 337, 356, 387, 416, 438, 440, 467, 474, 488, 502, 535, 539, 543, 548, 549, 556, 561, 563, 565, 567, 569, 873, 887, 910, 955, 962, 964, 986]
469 (3)  [4, 5, 7, 8, 138, 250, 257, 259, 266, 345, 355, 360, 379, 401, 408, 465, 472, 506, 522, 523, 526, 531, 536, 551, 561, 562, 795, 819, 857, 867, 895, 914, 950, 972]
470 (3)  [3, 5, 27, 132, 192, 241, 255, 294, 303, 309, 350, 442, 450, 471, 479, 500, 508, 509, 515, 517, 532, 541, 545, 551, 553, 563, 788, 834, 843, 855, 884, 967, 973, 997]
471 (3)  [3, 4, 6, 13, 27, 104, 284, 297, 304, 307, 339, 407, 413, 445, 470, 474, 509, 524, 528, 539, 541, 546, 548, 554, 555, 558, 566, 569, 858, 879, 885, 915, 943, 952, 976]
472 (2)  [1, 4, 8, 9, 12, 27, 64, 243, 303, 322, 325, 469, 489, 505, 514, 538, 539, 549, 550, 556, 559, 564, 565, 566, 569, 639, 669, 754, 863, 904, 918, 934, 938, 957, 997]
473 (3)  [2, 4, 7, 9, 10, 11, 27, 186, 191, 317, 364, 370, 415, 439, 466, 496, 498, 502, 514, 515, 520, 527, 533, 541, 550, 554, 559, 567, 569, 730, 803, 864, 928, 960, 988]
474 (2)  [1, 2, 4, 6, 9, 10, 13, 136, 196, 214, 273, 340, 351, 355, 380, 429, 441, 458, 467, 468, 471, 514, 520, 540, 541, 549, 551, 771, 903, 921, 945, 946, 954, 964, 984]
475 (3)  [7, 8, 10, 13, 125, 209, 224, 235, 243, 289, 290, 294, 297, 312, 318, 395, 421, 430, 449, 489, 495, 513, 514, 519, 524, 552, 553, 558, 564, 849, 866, 880, 903, 915, 919, 997]
476 (2)  [4, 60, 210, 281, 317, 326, 327, 344, 364, 409, 429, 436, 456, 482, 487, 497, 502, 512, 525, 541, 543, 552, 554, 557, 561, 565, 680, 711, 728, 875, 885, 948, 963, 964, 986, 997]
477 (3)  [2, 9, 10, 211, 234, 253, 288, 341, 343, 361, 380, 390, 404, 421, 432, 440, 494, 515, 518, 527, 528, 532, 539, 542, 545, 556, 560, 672, 713, 800, 869, 887, 929, 975, 978, 986]
478 (3)  [2, 7, 8, 9, 13, 136, 191, 216, 295, 314, 338, 348, 357, 368, 383, 393, 409, 413, 449, 454, 455, 492, 526, 528, 530, 535, 536, 544, 545, 551, 560, 785, 830, 913, 941, 961, 997]
479 (3)  [1, 84, 207, 324, 340, 387, 406, 435, 449, 450, 466, 470, 481, 483, 503, 508, 511, 512, 515, 521, 525, 526, 533, 536, 543, 559, 562, 563, 566, 749, 776, 783, 784, 807, 939, 955, 983]
480 (3)  [1, 8, 11, 66, 73, 193, 285, 318, 349, 369, 374, 392, 395, 397, 425, 436, 441, 442, 444, 498, 502, 506, 510, 518, 519, 542, 544, 546, 549, 554, 557, 569, 575, 718, 886, 933, 990]
481 (2)  [4, 8, 11, 26, 81, 116, 256, 273, 289, 294, 306, 317, 322, 388, 392, 427, 429, 431, 444, 457, 466, 479, 484, 485, 503, 517, 533, 540, 547, 550, 552, 559, 565, 568, 743, 836, 865, 985]
482 (2)  [10, 93, 206, 216, 217, 234, 301, 320, 345, 352, 358, 373, 429, 441, 454, 456, 476, 490, 506, 522, 531, 535, 539, 549, 555, 557, 558, 560, 564, 568, 746, 783, 857, 863, 875, 944, 957, 959]
483 (3)  [2, 4, 7, 9, 11, 12, 13, 219, 294, 296, 304, 310, 372, 377, 378, 397, 417, 458, 462, 479, 490, 503, 530, 535, 536, 552, 559, 562, 563, 566, 576, 698, 724, 810, 868, 904, 979, 994]
484 (2)  [1, 4, 39, 186, 193, 200, 241, 257, 347, 351, 375, 389, 390, 393, 396, 426, 440, 442, 450, 481, 485, 490, 492, 495, 506, 507, 520, 539, 552, 559, 567, 719, 822, 947, 952, 977, 984, 991]
485 (2)  [2, 7, 10, 136, 172, 254, 294, 334, 335, 343, 397, 424, 427, 428, 432, 442, 449, 451, 459, 465, 481, 484, 493, 499, 509, 524, 538, 544, 547, 551, 559, 569, 610, 663, 812, 815, 855, 942, 943]
486 (2)  [2, 6, 9, 43, 145, 256, 271, 273, 295, 318, 352, 355, 403, 404, 412, 414, 428, 437, 439, 446, 456, 496, 498, 506, 522, 527, 530, 533, 534, 548, 549, 563, 567, 569, 766, 791, 889, 910, 923, 938]
487 (3)  [2, 3, 4, 9, 12, 13, 187, 218, 235, 245, 350, 372, 393, 394, 437, 476, 491, 502, 504, 516, 519, 522, 534, 535, 537, 539, 540, 543, 546, 558, 561, 639, 691, 806, 897, 908, 933, 939, 971, 979, 989]
488 (3)  [4, 9, 10, 27, 140, 165, 179, 232, 234, 337, 346, 350, 366, 401, 402, 414, 422, 434, 438, 454, 461, 468, 497, 527, 528, 529, 532, 535, 537, 544, 548, 551, 553, 554, 557, 560, 562, 563, 667, 792, 852, 860]
489 (3)  [4, 7, 110, 190, 228, 241, 260, 288, 289, 348, 349, 398, 404, 415, 442, 446, 447, 460, 472, 475, 495, 497, 513, 521, 537, 539, 543, 552, 554, 556, 557, 558, 563, 568, 721, 800, 801, 829, 891, 911, 943, 945, 973]
490 (2)  [4, 13, 27, 195, 260, 297, 302, 357, 359, 381, 384, 396, 397, 419, 423, 440, 446, 482, 483, 484, 503, 505, 510, 511, 513, 519, 551, 553, 555, 560, 565, 566, 568, 853, 872, 879, 898, 911, 964, 974, 986, 988, 996]
491 (2)  [7, 9, 10, 12, 13, 27, 121, 134, 249, 284, 288, 345, 355, 390, 405, 421, 422, 427, 455, 487, 498, 499, 501, 516, 525, 533, 540, 541, 544, 545, 549, 551, 555, 559, 560, 567, 569, 659, 708, 777, 803, 861, 913, 957]
492 (3)  [10, 12, 142, 150, 151, 206, 230, 296, 305, 337, 355, 395, 404, 413, 422, 439, 455, 463, 466, 478, 484, 502, 503, 507, 520, 522, 537, 543, 546, 550, 555, 556, 558, 569, 723, 742, 891, 925, 926, 948, 964, 972, 978, 989]
493 (2)  [8, 10, 12, 13, 27, 270, 304, 322, 330, 356, 372, 375, 377, 381, 396, 404, 408, 453, 485, 499, 505, 506, 514, 523, 543, 555, 559, 565, 566, 569, 682, 704, 723, 745, 814, 887, 920, 927, 939, 949, 984, 987, 988, 997]
494 (2)  [3, 4, 6, 11, 136, 198, 215, 250, 258, 261, 316, 319, 422, 427, 433, 442, 460, 461, 463, 477, 515, 517, 522, 524, 531, 535, 536, 538, 541, 553, 554, 558, 560, 563, 564, 565, 566, 592, 828, 867, 872, 924, 981, 986]
495 (2)  [4, 10, 178, 184, 203, 204, 229, 233, 267, 276, 283, 297, 312, 396, 409, 414, 415, 428, 429, 457, 475, 484, 489, 496, 502, 507, 514, 517, 528, 543, 544, 545, 551, 560, 566, 567, 641, 782, 793, 849, 902, 912, 918, 975]
496 (2)  [6, 8, 27, 61, 84, 192, 222, 231, 247, 283, 288, 313, 320, 330, 378, 416, 430, 433, 453, 473, 486, 495, 501, 508, 517, 520, 526, 531, 532, 543, 545, 550, 562, 563, 566, 569, 596, 725, 751, 836, 864, 878, 962, 977, 986]
497 (2)  [1, 3, 7, 13, 55, 58, 90, 227, 246, 274, 290, 307, 313, 331, 342, 374, 382, 402, 411, 420, 454, 463, 467, 476, 488, 489, 498, 506, 520, 523, 526, 531, 539, 542, 547, 554, 561, 612, 728, 916, 922, 933, 957, 970, 977]
498 (3)  [1, 3, 4, 8, 10, 13, 27, 289, 296, 324, 346, 363, 374, 414, 418, 421, 427, 430, 434, 450, 461, 473, 480, 486, 491, 497, 514, 525, 527, 533, 535, 536, 545, 548, 551, 554, 555, 556, 566, 616, 652, 787, 892, 938, 997]
499 (2)  [8, 9, 11, 12, 75, 208, 292, 300, 320, 325, 378, 379, 385, 439, 457, 485, 491, 493, 503, 504, 506, 507, 512, 517, 522, 523, 534, 544, 547, 548, 549, 551, 553, 558, 562, 563, 565, 616, 796, 821, 857, 919, 924, 927, 939, 954]
500 (2)  [1, 3, 7, 8, 9, 12, 140, 246, 250, 259, 261, 280, 281, 294, 341, 351, 353, 356, 368, 387, 426, 428, 433, 442, 448, 460, 470, 502, 508, 515, 531, 538, 542, 548, 550, 554, 556, 561, 565, 569, 826, 886, 897, 906, 961, 982]
501 (3)  [7, 11, 12, 185, 209, 212, 236, 315, 321, 332, 346, 359, 362, 375, 390, 394, 402, 445, 446, 448, 467, 491, 496, 503, 510, 518, 519, 522, 531, 532, 533, 534, 536, 537, 540, 548, 552, 563, 564, 569, 802, 810, 907, 909, 917, 937]
502 (3)  [6, 8, 200, 221, 242, 276, 323, 347, 360, 396, 401, 404, 406, 410, 422, 426, 433, 468, 473, 476, 480, 487, 492, 495, 500, 503, 519, 529, 532, 539, 540, 543, 544, 553, 555, 558, 559, 564, 568, 569, 723, 758, 846, 876, 934, 975]
503 (2)  [12, 13, 39, 166, 200, 222, 274, 286, 344, 376, 383, 396, 397, 401, 405, 428, 446, 479, 481, 483, 490, 492, 499, 501, 502, 504, 515, 529, 535, 542, 549, 553, 555, 558, 560, 566, 652, 681, 692, 702, 725, 786, 852, 899, 972, 974, 990]
504 (2)  [1, 6, 24, 27, 103, 130, 157, 187, 240, 251, 254, 294, 295, 320, 337, 348, 355, 366, 385, 442, 446, 455, 487, 499, 503, 509, 511, 523, 529, 532, 537, 543, 548, 556, 560, 561, 563, 564, 565, 566, 567, 572, 664, 821, 848, 916, 930, 981]
505 (3)  [3, 4, 9, 11, 27, 99, 214, 219, 236, 243, 255, 258, 274, 290, 304, 334, 350, 369, 411, 432, 446, 451, 462, 472, 490, 493, 511, 518, 532, 538, 544, 545, 555, 558, 564, 567, 625, 729, 739, 786, 799, 875, 906, 912, 933, 938, 963, 965]
506 (2)  [8, 10, 40, 77, 235, 237, 250, 261, 300, 324, 328, 338, 357, 383, 408, 420, 426, 432, 435, 438, 457, 469, 480, 482, 484, 486, 493, 497, 499, 511, 513, 521, 534, 537, 540, 542, 545, 547, 551, 552, 559, 561, 587, 793, 842, 860, 984, 994]
507 (2)  [4, 8, 9, 10, 12, 27, 155, 211, 235, 295, 342, 376, 381, 392, 457, 467, 484, 492, 495, 499, 515, 518, 520, 523, 530, 531, 533, 534, 538, 545, 549, 554, 557, 558, 568, 569, 621, 686, 818, 869, 895, 907, 930, 943, 947, 956, 975, 985]
508 (2)  [2, 8, 10, 96, 105, 166, 177, 275, 296, 314, 338, 344, 354, 367, 369, 386, 390, 412, 413, 425, 430, 433, 452, 470, 479, 496, 500, 509, 529, 530, 536, 540, 547, 548, 554, 558, 562, 565, 566, 567, 742, 834, 863, 866, 909, 911, 989, 990]
509 (3)  [1, 4, 9, 98, 127, 152, 174, 251, 321, 323, 331, 361, 383, 386, 399, 400, 406, 412, 413, 415, 434, 470, 471, 485, 504, 508, 513, 520, 526, 528, 532, 533, 538, 539, 545, 546, 549, 555, 562, 564, 568, 724, 792, 796, 810, 935, 948, 958, 967, 992]
510 (2)  [5, 7, 13, 27, 73, 211, 214, 253, 280, 281, 287, 300, 331, 340, 361, 368, 392, 410, 424, 430, 442, 465, 467, 480, 490, 501, 523, 524, 525, 530, 531, 541, 545, 547, 548, 550, 556, 559, 561, 564, 567, 568, 734, 811, 813, 855, 873, 890, 907, 914, 927]
511 (2)  [1, 3, 5, 9, 12, 37, 52, 157, 158, 182, 184, 250, 259, 306, 316, 342, 371, 382, 387, 426, 442, 449, 460, 462, 479, 490, 504, 505, 506, 518, 519, 521, 528, 530, 531, 536, 539, 541, 542, 543, 560, 568, 569, 613, 654, 713, 857, 871, 919, 955, 960, 996]
512 (2)  [5, 7, 27, 97, 134, 152, 213, 214, 259, 261, 269, 313, 321, 327, 342, 344, 361, 364, 376, 388, 399, 405, 413, 424, 439, 446, 451, 455, 462, 464, 476, 479, 499, 536, 537, 549, 550, 551, 552, 558, 562, 565, 745, 820, 832, 911, 915, 923, 934, 972, 974, 996]
513 (2)  [1, 2, 5, 6, 9, 12, 13, 83, 217, 264, 283, 302, 310, 317, 351, 359, 385, 395, 434, 441, 445, 447, 448, 475, 489, 490, 506, 509, 516, 529, 537, 539, 544, 545, 550, 552, 556, 558, 564, 565, 567, 569, 604, 756, 767, 869, 905, 915, 928, 934, 954, 963, 973]
514 (2)  [1, 3, 8, 9, 12, 13, 65, 118, 137, 179, 227, 257, 283, 285, 308, 345, 364, 379, 381, 407, 410, 417, 431, 451, 465, 472, 473, 474, 475, 493, 495, 498, 526, 536, 551, 555, 558, 560, 565, 568, 593, 729, 805, 872, 888, 903, 910, 923, 960, 983, 985, 986, 990]
515 (3)  [3, 4, 6, 9, 10, 11, 12, 160, 185, 195, 196, 296, 314, 323, 333, 342, 362, 380, 388, 419, 430, 453, 457, 459, 461, 470, 473, 477, 479, 494, 500, 503, 507, 524, 527, 529, 531, 533, 539, 542, 545, 548, 552, 553, 558, 564, 569, 696, 727, 784, 785, 888, 972, 982, 993]
516 (2)  [2, 3, 5, 6, 11, 63, 140, 167, 169, 185, 191, 200, 201, 249, 262, 274, 321, 326, 362, 367, 376, 398, 399, 416, 427, 435, 438, 453, 461, 463, 465, 487, 491, 513, 523, 525, 527, 532, 533, 538, 539, 543, 547, 551, 555, 557, 564, 567, 773, 873, 900, 907, 916, 960, 982]
517 (2)  [2, 4, 12, 13, 27, 132, 207, 279, 281, 296, 303, 305, 306, 342, 346, 364, 366, 377, 389, 392, 413, 415, 427, 428, 437, 450, 453, 454, 470, 481, 494, 495, 496, 499, 520, 521, 526, 530, 536, 540, 547, 552, 553, 562, 568, 590, 647, 741, 750, 786, 847, 939, 952, 967, 983]
518 (2)  [5, 10, 27, 154, 163, 250, 271, 273, 279, 323, 328, 336, 342, 349, 356, 414, 416, 443, 450, 451, 477, 480, 501, 505, 507, 511, 521, 522, 525, 527, 530, 531, 536, 540, 550, 553, 557, 559, 560, 563, 564, 565, 566, 698, 761, 799, 816, 832, 837, 855, 858, 905, 922, 938, 948]
519 (2)  [1, 11, 12, 27, 138, 207, 249, 264, 269, 272, 300, 309, 319, 321, 361, 379, 390, 392, 397, 401, 405, 422, 428, 430, 432, 453, 455, 456, 459, 464, 475, 480, 487, 490, 501, 502, 511, 520, 530, 532, 536, 540, 553, 558, 561, 562, 566, 568, 764, 876, 878, 919, 936, 947, 953, 972]
520 (2)  [3, 5, 6, 10, 11, 133, 149, 192, 215, 238, 268, 307, 324, 326, 334, 341, 343, 365, 371, 387, 392, 406, 449, 452, 455, 473, 474, 484, 492, 496, 497, 507, 509, 517, 519, 524, 528, 529, 540, 541, 542, 550, 551, 552, 553, 556, 558, 560, 562, 563, 564, 565, 622, 675, 824, 841]
521 (3)  [2, 4, 6, 9, 10, 11, 12, 27, 69, 71, 75, 104, 114, 171, 252, 253, 261, 267, 280, 335, 337, 379, 386, 396, 398, 401, 402, 406, 425, 433, 440, 455, 460, 479, 489, 506, 511, 517, 518, 526, 528, 529, 531, 537, 539, 540, 543, 551, 554, 566, 688, 787, 902, 968, 983, 991]
522 (2)  [8, 12, 66, 93, 165, 177, 215, 223, 224, 298, 319, 320, 323, 334, 337, 365, 385, 402, 430, 432, 438, 443, 456, 469, 482, 486, 487, 492, 494, 499, 501, 518, 524, 528, 529, 530, 531, 535, 537, 552, 553, 556, 564, 576, 620, 745, 823, 924, 928, 931, 935, 969, 979, 981, 990, 991]
523 (2)  [1, 2, 8, 11, 18, 27, 62, 142, 186, 230, 258, 318, 336, 359, 398, 409, 430, 434, 436, 454, 455, 469, 493, 497, 499, 504, 507, 510, 516, 524, 526, 529, 543, 545, 547, 548, 549, 550, 559, 560, 561, 564, 566, 568, 763, 831, 851, 867, 895, 917, 945, 948, 959, 975, 979, 995]
524 (2)  [1, 4, 6, 8, 9, 11, 13, 83, 95, 110, 190, 225, 248, 291, 301, 361, 362, 365, 371, 373, 376, 412, 417, 426, 430, 431, 439, 456, 459, 471, 475, 485, 494, 510, 515, 520, 522, 523, 535, 537, 539, 540, 547, 551, 558, 559, 562, 726, 741, 790, 794, 817, 948, 961, 981, 987, 990]
525 (2)  [3, 6, 8, 13, 79, 114, 175, 204, 299, 304, 312, 315, 316, 322, 334, 337, 360, 362, 376, 379, 397, 422, 429, 435, 438, 476, 479, 491, 498, 510, 516, 518, 527, 528, 539, 543, 549, 551, 552, 559, 561, 562, 563, 564, 569, 591, 638, 678, 720, 735, 859, 872, 910, 927, 940, 962, 986]
526 (2)  [1, 4, 5, 6, 7, 8, 27, 47, 68, 137, 146, 170, 186, 210, 236, 241, 263, 265, 267, 324, 336, 347, 390, 420, 433, 435, 466, 469, 478, 479, 496, 497, 509, 514, 517, 521, 523, 531, 533, 541, 542, 551, 554, 558, 559, 567, 569, 645, 660, 744, 794, 825, 840, 851, 880, 940, 945]
527 (2)  [2, 5, 9, 10, 27, 87, 118, 131, 148, 161, 216, 231, 269, 309, 318, 329, 338, 371, 376, 393, 420, 421, 422, 425, 431, 445, 473, 477, 486, 488, 498, 515, 516, 518, 525, 529, 532, 537, 539, 540, 542, 547, 551, 556, 558, 561, 562, 567, 569, 667, 734, 760, 824, 914, 959, 963, 984, 985]
528 (3)  [1, 2, 3, 5, 9, 11, 69, 103, 127, 213, 215, 246, 279, 313, 322, 360, 376, 393, 396, 400, 416, 435, 443, 450, 452, 455, 458, 459, 463, 466, 471, 477, 478, 488, 495, 509, 511, 520, 521, 522, 525, 530, 543, 547, 549, 551, 556, 557, 558, 568, 569, 802, 828, 877, 893, 950, 980, 984, 996]
529 (2)  [1, 11, 27, 78, 145, 148, 186, 232, 242, 261, 271, 273, 314, 325, 328, 331, 339, 344, 347, 391, 392, 403, 405, 414, 426, 428, 439, 456, 464, 488, 502, 503, 504, 508, 513, 515, 520, 521, 522, 523, 527, 532, 533, 534, 536, 539, 546, 548, 552, 553, 556, 559, 562, 566, 836, 845, 874, 967, 985]
530 (3)  [3, 4, 5, 6, 8, 9, 12, 13, 158, 206, 252, 253, 272, 292, 341, 351, 361, 363, 368, 374, 377, 408, 416, 424, 443, 463, 478, 483, 486, 507, 508, 510, 511, 517, 518, 519, 522, 528, 531, 535, 537, 545, 549, 555, 558, 560, 561, 563, 564, 565, 568, 603, 737, 865, 935, 937, 958, 966, 990, 992]
531 (2)  [2, 3, 6, 7, 11, 12, 13, 27, 235, 257, 269, 270, 292, 331, 351, 354, 372, 384, 405, 422, 447, 461, 465, 469, 482, 494, 496, 497, 500, 501, 507, 510, 511, 515, 518, 521, 522, 526, 530, 532, 536, 544, 546, 552, 560, 562, 565, 568, 577, 801, 869, 875, 880, 916, 936, 961, 965, 970, 987, 995]
532 (2)  [1, 6, 9, 11, 113, 177, 181, 217, 248, 256, 268, 280, 289, 319, 322, 355, 357, 362, 396, 420, 421, 428, 456, 460, 465, 470, 477, 488, 496, 501, 502, 504, 505, 509, 516, 519, 527, 529, 531, 533, 534, 535, 539, 543, 544, 545, 546, 547, 551, 559, 566, 569, 657, 731, 836, 838, 856, 940, 943, 997]
533 (2)  [5, 7, 167, 181, 205, 211, 238, 255, 295, 300, 318, 326, 349, 371, 373, 392, 419, 423, 441, 459, 473, 479, 481, 486, 491, 498, 501, 507, 509, 515, 516, 526, 529, 532, 545, 555, 559, 560, 561, 562, 569, 693, 695, 702, 726, 749, 768, 807, 810, 853, 858, 870, 901, 904, 928, 940, 967, 972, 974, 977, 995]
534 (2)  [3, 6, 8, 9, 11, 12, 13, 27, 196, 208, 242, 282, 318, 321, 339, 350, 358, 398, 400, 405, 411, 421, 426, 428, 440, 486, 487, 499, 501, 506, 507, 529, 532, 535, 537, 538, 542, 544, 549, 552, 555, 556, 562, 563, 566, 614, 618, 633, 638, 689, 765, 822, 827, 862, 864, 884, 942, 968, 982, 984, 991, 996]
535 (2)  [4, 5, 6, 13, 101, 173, 174, 231, 284, 300, 302, 305, 317, 378, 383, 387, 401, 403, 405, 413, 427, 434, 437, 451, 455, 456, 458, 462, 467, 468, 478, 482, 483, 487, 488, 494, 498, 503, 522, 524, 530, 532, 534, 547, 550, 555, 558, 559, 564, 565, 567, 648, 684, 795, 820, 899, 911, 921, 922, 963, 987, 992]
536 (2)  [3, 7, 8, 9, 13, 85, 122, 125, 159, 193, 252, 259, 265, 266, 268, 358, 373, 390, 393, 423, 428, 436, 447, 467, 469, 478, 479, 483, 494, 498, 501, 508, 511, 512, 514, 517, 518, 519, 529, 531, 542, 552, 553, 555, 556, 557, 558, 560, 562, 565, 566, 568, 569, 618, 710, 758, 804, 837, 871, 886, 922, 944, 972, 978, 983, 987]
537 (2)  [6, 9, 11, 12, 150, 239, 265, 266, 267, 280, 295, 310, 311, 313, 316, 327, 329, 351, 386, 403, 410, 413, 416, 431, 433, 443, 451, 453, 455, 465, 467, 487, 488, 489, 492, 501, 504, 506, 512, 513, 521, 522, 524, 527, 530, 534, 538, 539, 540, 544, 546, 548, 552, 553, 557, 564, 565, 574, 722, 781, 905, 944, 958, 968, 972, 983]
538 (2)  [1, 2, 6, 8, 10, 12, 13, 80, 85, 124, 146, 181, 234, 269, 290, 308, 322, 323, 329, 331, 332, 350, 354, 374, 402, 411, 424, 434, 464, 466, 472, 485, 494, 500, 505, 507, 509, 516, 534, 537, 545, 547, 549, 550, 551, 553, 555, 556, 557, 560, 561, 562, 567, 569, 650, 690, 716, 779, 798, 804, 825, 827, 848, 899, 961, 985, 992]
539 (2)  [1, 2, 3, 4, 5, 8, 11, 80, 99, 114, 139, 169, 197, 224, 237, 254, 261, 270, 331, 332, 385, 386, 398, 408, 412, 453, 458, 463, 468, 471, 472, 477, 482, 484, 487, 489, 497, 502, 509, 511, 513, 515, 516, 521, 524, 525, 527, 529, 532, 537, 548, 556, 561, 563, 564, 566, 567, 781, 839, 843, 883, 931, 934, 971, 984, 994, 995]
540 (2)  [2, 3, 6, 7, 8, 9, 13, 171, 179, 201, 232, 260, 261, 280, 287, 306, 311, 328, 341, 361, 364, 387, 391, 395, 396, 404, 422, 445, 453, 459, 465, 474, 481, 487, 491, 501, 502, 506, 508, 517, 518, 519, 520, 521, 524, 527, 537, 542, 543, 547, 550, 557, 560, 563, 565, 566, 568, 569, 595, 641, 643, 793, 839, 901, 937, 947, 974, 986, 991]
541 (2)  [2, 5, 6, 7, 8, 10, 12, 62, 64, 76, 115, 141, 151, 161, 228, 238, 251, 272, 297, 319, 325, 333, 347, 363, 365, 396, 401, 408, 412, 418, 426, 433, 443, 445, 450, 466, 470, 471, 473, 474, 476, 491, 494, 510, 511, 520, 526, 543, 544, 546, 556, 561, 564, 565, 568, 579, 662, 704, 715, 755, 820, 826, 923, 933, 941, 948, 952, 955, 960]
542 (2)  [1, 2, 7, 8, 10, 11, 12, 13, 20, 157, 161, 175, 178, 211, 213, 216, 239, 286, 323, 325, 328, 359, 367, 387, 399, 401, 409, 411, 412, 419, 423, 437, 439, 452, 456, 461, 463, 477, 480, 497, 500, 503, 506, 511, 515, 520, 526, 527, 534, 536, 540, 547, 548, 551, 554, 557, 560, 561, 562, 564, 565, 569, 691, 721, 847, 869, 885, 889, 936, 968]
543 (3)  [1, 6, 10, 11, 12, 159, 268, 272, 277, 314, 320, 336, 378, 389, 398, 399, 403, 417, 423, 444, 445, 447, 449, 450, 454, 457, 468, 476, 479, 487, 489, 492, 493, 495, 496, 502, 504, 511, 516, 521, 523, 525, 528, 532, 540, 541, 544, 545, 546, 547, 552, 555, 556, 558, 561, 562, 563, 566, 568, 569, 798, 831, 866, 868, 909, 930, 950, 952, 956, 987, 992, 993]
544 (2)  [1, 2, 5, 8, 10, 91, 95, 96, 153, 174, 228, 262, 264, 267, 301, 304, 326, 336, 344, 349, 357, 382, 395, 403, 408, 413, 423, 431, 435, 448, 456, 458, 478, 480, 485, 488, 491, 495, 499, 502, 505, 513, 531, 532, 534, 537, 541, 543, 547, 548, 549, 551, 557, 558, 559, 560, 561, 562, 563, 568, 569, 675, 676, 721, 759, 760, 775, 794, 903, 950, 967, 971, 975, 987, 988]
545 (2)  [2, 4, 8, 13, 115, 142, 171, 232, 247, 277, 300, 313, 318, 325, 354, 363, 367, 384, 390, 415, 417, 418, 420, 428, 429, 433, 434, 444, 446, 447, 464, 470, 477, 478, 491, 495, 496, 498, 505, 506, 507, 509, 510, 513, 515, 523, 530, 532, 533, 538, 543, 546, 547, 550, 551, 552, 553, 556, 559, 567, 568, 569, 606, 625, 761, 791, 856, 857, 881, 890, 911, 944, 961, 988, 989, 997]
546 (2)  [5, 6, 7, 13, 21, 27, 97, 103, 109, 124, 138, 145, 205, 207, 230, 233, 253, 255, 279, 304, 308, 313, 324, 327, 338, 351, 366, 369, 370, 387, 390, 397, 400, 406, 417, 422, 431, 437, 445, 452, 464, 467, 471, 480, 487, 492, 509, 529, 531, 532, 537, 541, 543, 545, 557, 558, 561, 562, 564, 567, 568, 598, 696, 737, 827, 853, 856, 881, 890, 898, 903, 921, 962, 967, 970, 994]
547 (2)  [1, 3, 4, 5, 7, 8, 9, 10, 11, 158, 197, 205, 262, 314, 323, 331, 358, 362, 363, 369, 374, 380, 384, 394, 395, 397, 402, 439, 444, 453, 455, 457, 481, 485, 497, 499, 506, 508, 510, 516, 517, 523, 524, 527, 528, 532, 535, 538, 540, 542, 543, 544, 545, 551, 552, 557, 564, 565, 584, 594, 683, 736, 830, 835, 878, 886, 888, 904, 911, 920, 926, 933, 945, 956, 988, 990]
548 (3)  [8, 10, 11, 12, 13, 27, 47, 63, 121, 131, 139, 160, 203, 216, 246, 248, 266, 291, 299, 303, 314, 326, 335, 347, 364, 374, 380, 388, 404, 406, 410, 415, 416, 420, 430, 436, 439, 446, 456, 460, 464, 468, 471, 486, 488, 498, 499, 500, 501, 504, 508, 510, 515, 523, 529, 537, 539, 542, 544, 549, 550, 551, 552, 560, 563, 565, 672, 711, 716, 753, 918, 942, 955, 968, 970, 982, 997]
549 (2)  [2, 3, 5, 6, 7, 10, 11, 12, 13, 46, 71, 88, 97, 98, 107, 161, 199, 286, 289, 303, 358, 361, 384, 401, 402, 409, 416, 420, 429, 435, 437, 446, 451, 452, 453, 468, 472, 474, 480, 482, 486, 491, 499, 503, 507, 509, 512, 523, 525, 528, 530, 534, 538, 544, 548, 551, 552, 554, 560, 565, 566, 567, 568, 636, 653, 685, 688, 718, 732, 747, 794, 798, 859, 896, 906, 929, 933, 989]
550 (2)  [1, 5, 8, 11, 16, 25, 27, 115, 144, 168, 215, 223, 237, 240, 249, 271, 281, 282, 299, 306, 353, 369, 379, 387, 400, 401, 408, 412, 418, 420, 423, 425, 432, 439, 440, 442, 454, 455, 458, 472, 473, 481, 492, 496, 500, 510, 512, 513, 518, 520, 523, 535, 538, 540, 545, 548, 551, 554, 557, 558, 561, 563, 566, 569, 578, 626, 664, 674, 815, 823, 861, 868, 883, 887, 938, 980, 994, 997]
551 (3)  [1, 3, 5, 7, 10, 11, 94, 119, 171, 239, 264, 281, 307, 323, 360, 376, 384, 392, 421, 425, 427, 435, 444, 447, 449, 456, 463, 464, 465, 469, 470, 474, 478, 485, 488, 490, 491, 495, 498, 499, 506, 512, 514, 516, 520, 521, 524, 525, 526, 527, 528, 532, 538, 542, 544, 545, 547, 548, 549, 550, 552, 553, 556, 559, 560, 561, 565, 566, 569, 734, 737, 743, 861, 895, 906, 919, 921, 947, 992]
552 (2)  [4, 6, 11, 12, 27, 44, 128, 173, 198, 240, 258, 265, 277, 291, 292, 316, 330, 331, 342, 343, 350, 359, 371, 375, 379, 383, 384, 391, 403, 404, 418, 427, 431, 439, 444, 463, 475, 476, 481, 483, 484, 489, 501, 506, 512, 513, 515, 517, 520, 522, 525, 529, 531, 534, 536, 537, 543, 545, 547, 548, 549, 551, 556, 559, 560, 561, 562, 563, 565, 566, 631, 717, 790, 845, 881, 941, 956, 958, 977]
553 (2)  [1, 3, 4, 6, 7, 8, 10, 11, 12, 13, 27, 167, 185, 219, 235, 241, 270, 277, 296, 303, 332, 343, 347, 356, 367, 368, 386, 387, 389, 394, 402, 420, 422, 433, 444, 451, 458, 464, 470, 475, 488, 490, 494, 499, 502, 503, 515, 517, 518, 519, 520, 522, 529, 536, 537, 538, 545, 551, 554, 555, 556, 565, 566, 568, 684, 748, 755, 788, 810, 827, 828, 860, 877, 941, 957, 973, 974, 983, 990]
554 (2)  [2, 3, 5, 7, 9, 11, 12, 13, 27, 56, 171, 178, 198, 258, 268, 270, 287, 292, 293, 301, 303, 304, 353, 372, 386, 396, 404, 410, 413, 417, 425, 433, 437, 440, 442, 452, 458, 459, 466, 471, 473, 476, 480, 488, 489, 494, 497, 498, 500, 507, 508, 521, 526, 542, 549, 550, 553, 561, 562, 565, 567, 571, 661, 727, 743, 779, 789, 807, 823, 825, 860, 864, 888, 889, 908, 931, 941, 960, 986]
555 (2)  [1, 2, 3, 4, 6, 7, 8, 10, 11, 200, 224, 227, 251, 254, 278, 285, 305, 306, 307, 315, 335, 340, 350, 359, 360, 366, 367, 375, 376, 378, 382, 431, 432, 440, 443, 444, 447, 453, 462, 471, 482, 490, 491, 492, 493, 498, 502, 503, 505, 509, 514, 516, 530, 533, 534, 535, 536, 538, 543, 553, 557, 562, 564, 565, 566, 569, 644, 709, 774, 795, 811, 871, 874, 914, 934, 944, 951, 986, 994]
556 (2)  [1, 2, 3, 6, 7, 9, 12, 13, 27, 50, 114, 116, 119, 122, 124, 129, 202, 212, 219, 227, 283, 288, 295, 301, 306, 311, 314, 318, 324, 332, 368, 375, 385, 397, 402, 416, 419, 427, 443, 462, 468, 472, 477, 489, 492, 498, 500, 504, 510, 513, 520, 522, 527, 528, 529, 534, 536, 538, 539, 541, 543, 545, 551, 552, 553, 557, 561, 562, 568, 623, 668, 679, 730, 817, 876, 881, 894, 959, 990, 997]
557 (2)  [1, 6, 9, 10, 11, 12, 89, 94, 119, 123, 129, 157, 212, 249, 262, 284, 291, 308, 321, 322, 325, 327, 335, 341, 344, 349, 368, 369, 373, 381, 388, 392, 394, 396, 406, 421, 434, 437, 445, 455, 460, 467, 476, 480, 482, 488, 489, 507, 516, 518, 528, 536, 537, 538, 540, 542, 544, 546, 547, 550, 555, 556, 560, 561, 562, 563, 564, 567, 568, 635, 671, 700, 828, 856, 858, 934, 937, 946, 971, 973, 996]
558 (2)  [7, 8, 11, 12, 27, 77, 177, 184, 220, 253, 273, 277, 296, 302, 309, 322, 329, 330, 359, 370, 381, 416, 431, 441, 442, 444, 446, 453, 457, 471, 475, 482, 487, 489, 492, 494, 499, 502, 503, 505, 507, 508, 512, 513, 514, 515, 519, 520, 524, 526, 527, 528, 530, 535, 536, 543, 544, 546, 550, 560, 567, 568, 635, 670, 677, 795, 823, 846, 859, 868, 877, 878, 890, 904, 912, 922, 938, 965, 969, 984, 986]
559 (2)  [6, 9, 10, 27, 129, 163, 176, 183, 215, 237, 239, 264, 265, 285, 307, 314, 332, 350, 374, 375, 407, 420, 435, 436, 438, 443, 444, 451, 452, 453, 457, 459, 460, 461, 472, 473, 479, 481, 483, 484, 485, 491, 493, 502, 506, 510, 518, 523, 524, 525, 526, 529, 532, 533, 535, 544, 545, 551, 552, 565, 566, 568, 573, 620, 741, 762, 768, 788, 807, 845, 870, 884, 891, 902, 919, 921, 932, 953, 978, 986, 996]
560 (2)  [1, 3, 6, 7, 8, 9, 11, 12, 72, 77, 113, 130, 180, 214, 221, 229, 323, 325, 327, 349, 367, 391, 394, 396, 411, 434, 441, 444, 455, 456, 459, 467, 477, 478, 482, 488, 490, 491, 494, 495, 503, 504, 511, 514, 518, 520, 523, 530, 531, 533, 536, 538, 540, 542, 544, 548, 549, 551, 552, 557, 558, 561, 566, 569, 636, 673, 746, 758, 779, 787, 790, 828, 841, 846, 847, 854, 862, 892, 926, 958, 973, 979, 982]
561 (3)  [1, 2, 3, 6, 9, 11, 13, 102, 113, 196, 208, 226, 240, 262, 289, 293, 299, 311, 335, 340, 378, 381, 383, 384, 388, 396, 400, 416, 433, 444, 450, 458, 459, 460, 463, 464, 465, 468, 469, 476, 487, 497, 500, 504, 506, 510, 519, 523, 525, 527, 530, 533, 538, 539, 541, 542, 543, 544, 546, 550, 551, 552, 554, 556, 557, 560, 562, 563, 565, 568, 579, 747, 786, 801, 856, 915, 919, 920, 976, 977, 980, 986, 993]
562 (2)  [1, 2, 3, 5, 9, 10, 11, 13, 27, 116, 196, 229, 244, 255, 257, 264, 283, 287, 299, 311, 320, 328, 330, 332, 334, 352, 363, 403, 409, 431, 439, 442, 443, 453, 456, 457, 460, 461, 469, 479, 483, 488, 496, 499, 508, 509, 512, 517, 519, 520, 524, 525, 527, 529, 531, 533, 534, 536, 538, 542, 543, 544, 546, 552, 554, 555, 556, 557, 561, 564, 565, 566, 567, 568, 569, 682, 703, 712, 776, 907, 935, 948, 981]
563 (2)  [2, 5, 8, 9, 10, 11, 13, 27, 70, 92, 126, 132, 154, 234, 297, 298, 308, 312, 317, 322, 324, 327, 332, 337, 349, 356, 365, 381, 401, 412, 420, 422, 442, 453, 454, 457, 459, 461, 463, 464, 468, 470, 479, 483, 486, 488, 489, 494, 496, 499, 501, 504, 518, 520, 525, 530, 534, 539, 540, 543, 544, 548, 550, 552, 557, 561, 564, 565, 600, 629, 680, 727, 791, 826, 840, 865, 898, 905, 947, 957, 958, 974, 983, 988, 997]
564 (2)  [1, 2, 3, 4, 7, 8, 9, 10, 27, 102, 138, 146, 196, 203, 206, 207, 268, 272, 298, 302, 304, 326, 331, 335, 349, 363, 377, 386, 398, 399, 413, 416, 417, 432, 435, 439, 440, 444, 449, 454, 467, 472, 475, 482, 494, 501, 502, 504, 505, 509, 510, 513, 515, 516, 518, 520, 522, 523, 525, 530, 535, 537, 539, 541, 542, 546, 547, 555, 557, 562, 563, 565, 566, 568, 569, 600, 672, 694, 710, 802, 825, 887, 937, 942, 946, 996]
565 (2)  [3, 6, 10, 11, 108, 142, 160, 214, 242, 245, 250, 254, 258, 273, 276, 306, 307, 321, 328, 347, 355, 359, 363, 375, 376, 380, 381, 391, 392, 398, 408, 419, 422, 441, 446, 448, 457, 458, 459, 463, 468, 472, 476, 481, 490, 493, 494, 499, 500, 504, 508, 512, 513, 514, 518, 520, 530, 531, 535, 536, 537, 540, 541, 542, 547, 548, 549, 551, 552, 553, 554, 555, 559, 561, 562, 563, 564, 568, 611, 624, 663, 670, 740, 756, 772, 896, 922, 940, 949, 953, 965, 987]
566 (2)  [1, 4, 6, 11, 12, 13, 27, 51, 164, 197, 220, 304, 326, 335, 346, 347, 355, 373, 376, 383, 391, 394, 395, 399, 400, 401, 408, 413, 416, 419, 427, 428, 435, 436, 438, 444, 471, 472, 479, 483, 490, 493, 494, 495, 496, 498, 503, 504, 508, 518, 519, 521, 523, 529, 532, 534, 536, 539, 540, 543, 549, 550, 551, 552, 553, 555, 559, 560, 562, 564, 567, 568, 569, 701, 706, 707, 715, 725, 787, 823, 833, 844, 850, 862, 893, 898, 924, 925, 964, 969, 970, 974, 979, 993, 997]
567 (2)  [1, 3, 5, 7, 8, 12, 13, 104, 134, 148, 159, 195, 203, 219, 237, 243, 251, 263, 281, 316, 321, 327, 329, 336, 364, 367, 370, 393, 397, 401, 403, 407, 411, 412, 421, 423, 430, 434, 439, 440, 444, 448, 451, 460, 461, 465, 467, 468, 473, 484, 486, 491, 495, 504, 505, 508, 510, 513, 516, 526, 527, 535, 538, 539, 545, 546, 549, 554, 557, 558, 562, 566, 568, 575, 676, 776, 792, 834, 835, 850, 868, 876, 878, 887, 892, 896, 951, 952, 962, 965, 971, 972, 990, 991, 992, 996, 997]
568 (2)  [1, 2, 6, 8, 10, 13, 27, 65, 112, 144, 167, 194, 205, 224, 232, 239, 257, 260, 266, 283, 289, 303, 304, 319, 342, 344, 345, 346, 349, 357, 367, 379, 384, 390, 400, 406, 407, 412, 425, 435, 440, 447, 448, 466, 481, 482, 489, 490, 502, 507, 509, 510, 511, 514, 517, 519, 523, 528, 530, 531, 536, 540, 541, 543, 544, 545, 546, 549, 553, 556, 557, 558, 559, 561, 562, 564, 565, 566, 567, 569, 631, 646, 694, 735, 749, 796, 799, 800, 873, 875, 899, 927, 928, 948, 963, 980, 985, 995, 996]
569 (2)  [1, 9, 10, 11, 13, 27, 87, 119, 137, 155, 177, 193, 205, 221, 248, 251, 272, 294, 324, 347, 357, 358, 372, 385, 397, 401, 404, 412, 417, 424, 427, 429, 433, 436, 440, 449, 453, 454, 456, 462, 465, 467, 468, 471, 472, 473, 480, 485, 486, 491, 492, 493, 496, 500, 501, 502, 507, 511, 513, 515, 525, 526, 527, 528, 532, 533, 536, 538, 540, 542, 543, 544, 545, 550, 551, 555, 560, 562, 564, 566, 568, 583, 594, 603, 746, 798, 839, 857, 859, 867, 872, 893, 894, 925, 929, 930, 939, 946, 977, 988]
570 (3)  [184]
571 (3)  [428, 554]
572 (4)  [292, 504]
573 (4)  [180, 559]
574 (3)  [408, 537]
575 (4)  [480, 567]
576 (4)  [483, 522]
577 (4)  [457, 531]
578 (3)  [271, 550]
579 (4)  [541, 561]
580 (4)  [432, 785]
581 (3)  [330, 436]
582 (4)  [290, 449]
583 (4)  [218, 569]
584 (4)  [547, 967]
585 (4)  [169, 249]
586 (4)  [309, 365]
587 (4)  [101, 506]
588 (4)  [436, 669]
589 (4)  [372, 431]
590 (4)  [517, 834]
591 (4)  [248, 525]
592 (4)  [371, 494]
593 (4)  [424, 514]
594 (3)  [547, 569]
595 (3)  [460, 540]
596 (3)  [460, 496]
597 (4)  [333, 418]
598 (4)  [293, 546]
599 (4)  [401, 863]
600 (3)  [563, 564]
601 (4)  [354, 420]
602 (4)  [301, 305]
603 (4)  [530, 569]
604 (4)  [513, 950]
605 (4)  [333, 858]
606 (4)  [418, 545]
607 (4)  [426, 900]
608 (4)  [410, 446]
609 (4)  [458, 759]
610 (4)  [485, 730]
611 (4)  [392, 565]
612 (4)  [497, 870]
613 (4)  [511, 986]
614 (4)  [534, 873]
615 (4)  [339, 931]
616 (4)  [498, 499]
617 (4)  [265, 313]
618 (3)  [534, 536]
619 (4)  [386, 845]
620 (3)  [522, 559]
621 (4)  [389, 507]
622 (4)  [164, 520]
623 (4)  [106, 556]
624 (4)  [309, 565]
625 (4)  [505, 545]
626 (4)  [300, 550]
627 (4)  [356, 913]
628 (4)  [312, 381]
629 (4)  [371, 563]
630 (4)  [419, 965]
631 (3)  [552, 568]
632 (4)  [366, 890]
633 (4)  [534, 974]
634 (4)  [330, 970]
635 (3)  [557, 558]
636 (3)  [549, 560]
637 (4)  [314, 425]
638 (3)  [525, 534]
639 (4)  [472, 487]
640 (4)  [433, 445]
641 (3)  [495, 540]
642 (4)  [315, 459]
643 (4)  [540, 982]
644 (4)  [555, 897]
645 (4)  [57, 526]
646 (4)  [462, 568]
647 (4)  [129, 517]
648 (4)  [164, 535]
649 (4)  [275, 780]
650 (4)  [332, 538]
651 (4)  [417, 975]
652 (4)  [498, 503]
653 (4)  [189, 549]
654 (3)  [444, 511]
655 (4)  [176, 903]
656 (4)  [380, 780]
657 (4)  [532, 966]
658 (4)  [315, 369, 444]
659 (4)  [172, 195, 491]
660 (4)  [429, 451, 526]
661 (4)  [554, 951, 978]
662 (4)  [434, 458, 541]
663 (4)  [308, 485, 565]
664 (4)  [504, 550, 699]
665 (4)  [228, 285, 980]
666 (4)  [200, 305, 391]
667 (4)  [228, 488, 527]
668 (4)  [382, 556, 943]
669 (3)  [435, 472, 588]
670 (4)  [558, 565, 959]
671 (4)  [424, 557, 947]
672 (4)  [477, 548, 564]
673 (4)  [324, 560, 805]
674 (4)  [331, 436, 550]
675 (4)  [520, 544, 722]
676 (4)  [203, 544, 567]
677 (4)  [223, 558, 985]
678 (4)  [298, 457, 525]
679 (4)  [238, 556, 970]
680 (4)  [476, 563, 908]
681 (4)  [380, 503, 964]
682 (4)  [311, 493, 562]
683 (4)  [247, 414, 547]
684 (4)  [535, 553, 866]
685 (4)  [370, 372, 549]
686 (4)  [395, 507, 782]
687 (4)  [259, 264, 757]
688 (4)  [521, 549, 948]
689 (4)  [447, 534, 981]
690 (4)  [319, 431, 538]
691 (4)  [416, 487, 542]
692 (4)  [392, 503, 851]
693 (4)  [533, 966, 994]
694 (4)  [564, 568, 953]
695 (4)  [449, 533, 988]
696 (4)  [437, 515, 546]
697 (4)  [85, 279, 340]
698 (4)  [390, 483, 518]
699 (3)  [465, 664, 991]
700 (4)  [295, 557, 853]
701 (4)  [317, 566, 829]
702 (4)  [503, 533, 772]
703 (4)  [443, 562, 925]
704 (3)  [313, 493, 541]
705 (4)  [133, 257, 445]
706 (4)  [385, 566, 935]
707 (4)  [409, 425, 566]
708 (4)  [234, 296, 491]
709 (4)  [301, 555, 946]
710 (3)  [394, 536, 564]
711 (4)  [476, 548, 896]
712 (4)  [245, 562, 961]
713 (4)  [100, 477, 511]
714 (4)  [394, 822, 976]
715 (4)  [541, 566, 953]
716 (4)  [171, 538, 548]
717 (4)  [418, 467, 552]
718 (4)  [480, 549, 962]
719 (4)  [484, 891, 968]
720 (4)  [429, 525, 854]
721 (4)  [489, 542, 544, 910]
722 (3)  [454, 537, 675, 959]
723 (4)  [403, 492, 493, 502]
724 (4)  [246, 399, 483, 509]
725 (4)  [496, 503, 566, 889]
726 (4)  [303, 420, 524, 533]
727 (4)  [418, 515, 554, 563]
728 (4)  [289, 405, 476, 497]
729 (4)  [370, 465, 505, 514]
730 (3)  [399, 473, 556, 610]
731 (4)  [326, 413, 532, 991]
732 (4)  [379, 461, 465, 549]
733 (4)  [100, 130, 391, 395]
734 (4)  [510, 527, 551, 914]
735 (4)  [337, 525, 568, 989]
736 (4)  [76, 394, 547, 803]
737 (4)  [530, 546, 551, 978]
738 (4)  [282, 393, 416, 985]
739 (4)  [182, 301, 505, 927]
740 (4)  [221, 565, 861, 995]
741 (4)  [368, 517, 524, 559]
742 (4)  [429, 492, 508, 871]
743 (4)  [481, 551, 554, 942]
744 (4)  [272, 308, 329, 526]
745 (4)  [493, 512, 522, 991]
746 (4)  [261, 482, 560, 569]
747 (4)  [408, 549, 561, 981]
748 (4)  [144, 434, 553, 959]
749 (4)  [361, 479, 533, 568]
750 (4)  [344, 388, 517, 822]
751 (4)  [419, 496, 820, 953]
752 (4)  [291, 375, 422, 829]
753 (4)  [175, 366, 548, 982]
754 (4)  [445, 453, 472, 985]
755 (4)  [283, 541, 553, 884]
756 (4)  [141, 285, 513, 565]
757 (4)  [122, 284, 399, 687]
758 (4)  [502, 536, 560, 802]
759 (3)  [335, 544, 609, 894]
760 (4)  [326, 527, 544, 925]
761 (4)  [406, 465, 518, 545]
762 (4)  [559, 811, 909, 932]
763 (4)  [226, 281, 282, 523]
764 (4)  [519, 886, 941, 975]
765 (4)  [286, 365, 439, 534]
766 (4)  [333, 391, 398, 486]
767 (4)  [334, 513, 838, 988]
768 (4)  [533, 559, 888, 969]
769 (4)  [432, 461, 464, 818]
770 (4)  [283, 406, 413, 775]
771 (4)  [183, 392, 474, 936]
772 (3)  [411, 425, 565, 702]
773 (4)  [305, 437, 516, 991]
774 (4)  [365, 427, 461, 555]
775 (4)  [344, 544, 770, 967]
776 (4)  [479, 562, 567, 993]
777 (4)  [440, 491, 901, 976]
778 (4)  [281, 313, 423, 443]
779 (4)  [197, 538, 554, 560]
780 (3)  [417, 428, 649, 656]
781 (4)  [135, 276, 537, 539]
782 (3)  [421, 495, 686, 984]
783 (4)  [479, 482, 880, 890]
784 (4)  [339, 479, 515, 946]
785 (3)  [413, 478, 515, 580]
786 (4)  [256, 503, 505, 517, 561]
787 (4)  [498, 521, 560, 566, 897]
788 (4)  [247, 470, 553, 559, 848]
789 (4)  [257, 341, 554, 873, 994]
790 (4)  [267, 416, 524, 552, 560]
791 (4)  [486, 545, 563, 901, 942]
792 (4)  [488, 509, 567, 971, 990]
793 (4)  [238, 345, 495, 506, 540]
794 (4)  [208, 524, 526, 544, 549]
795 (4)  [367, 469, 535, 555, 558]
796 (4)  [68, 376, 499, 509, 568]
797 (4)  [350, 366, 387, 833, 932]
798 (4)  [338, 538, 543, 549, 569]
799 (4)  [505, 518, 568, 988, 989]
800 (4)  [153, 297, 477, 489, 568]
801 (4)  [429, 489, 531, 561, 993]
802 (4)  [352, 501, 528, 564, 758]
803 (4)  [311, 473, 491, 736, 996]
804 (4)  [233, 275, 536, 538, 938]
805 (4)  [326, 514, 673, 809, 990]
806 (4)  [349, 366, 375, 487, 939]
807 (4)  [479, 533, 554, 559, 996]
808 (4)  [191, 403, 902, 919, 990]
809 (4)  [345, 428, 805, 960, 968]
810 (4)  [483, 501, 509, 533, 553]
811 (4)  [123, 210, 510, 555, 762]
812 (4)  [288, 325, 395, 467, 485]
813 (4)  [188, 459, 461, 510, 852]
814 (4)  [299, 379, 383, 493, 942]
815 (4)  [365, 387, 485, 550, 882]
816 (4)  [70, 190, 271, 379, 518]
817 (4)  [393, 524, 556, 926, 966]
818 (4)  [106, 353, 447, 507, 769]
819 (4)  [227, 312, 388, 462, 469]
820 (4)  [512, 535, 541, 751, 931]
821 (4)  [238, 415, 499, 504, 940]
822 (4)  [391, 484, 534, 714, 750, 972]
823 (4)  [411, 522, 550, 554, 558, 566]
824 (4)  [233, 309, 369, 461, 520, 527]
825 (4)  [526, 538, 554, 564, 874, 983]
826 (4)  [141, 286, 452, 500, 541, 563]
827 (4)  [159, 348, 534, 538, 546, 553]
828 (4)  [457, 494, 528, 553, 557, 560]
829 (4)  [414, 446, 489, 701, 752, 999]
830 (4)  [195, 204, 449, 478, 547, 850]
831 (4)  [236, 240, 391, 523, 543, 997]
832 (3)  [275, 455, 512, 518, 973, 999]
833 (4)  [277, 366, 566, 797, 903, 978]
834 (3)  [418, 437, 470, 508, 567, 590]
835 (4)  [191, 461, 464, 547, 567, 969]
836 (4)  [430, 446, 481, 496, 529, 532]
837 (4)  [229, 421, 462, 518, 536, 916]
838 (4)  [321, 374, 453, 532, 767, 917]
839 (4)  [357, 369, 452, 539, 540, 569]
840 (4)  [188, 261, 263, 439, 526, 563]
841 (4)  [42, 374, 419, 420, 520, 560]
842 (4)  [358, 385, 418, 441, 506, 958]
843 (4)  [391, 402, 430, 470, 539, 895]
844 (4)  [363, 566, 954, 957, 978, 988]
845 (3)  [389, 529, 552, 559, 619, 924]
846 (4)  [276, 426, 502, 558, 560, 883]
847 (4)  [36, 149, 517, 542, 560, 936]
848 (4)  [48, 336, 354, 504, 538, 788]
849 (4)  [320, 444, 475, 495, 914, 994]
850 (4)  [59, 187, 466, 566, 567, 830]
851 (4)  [166, 265, 523, 526, 692, 858]
852 (4)  [230, 417, 488, 503, 813, 883]
853 (4)  [258, 490, 533, 546, 700, 909]
854 (3)  [53, 412, 442, 560, 720, 973]
855 (4)  [269, 445, 457, 470, 485, 510, 518]
856 (4)  [423, 466, 532, 545, 546, 557, 561]
857 (4)  [266, 469, 482, 499, 511, 545, 569]
858 (3)  [346, 471, 518, 533, 557, 605, 851]
859 (4)  [377, 413, 422, 525, 549, 558, 569]
860 (4)  [329, 423, 488, 506, 553, 554, 997]
861 (4)  [117, 362, 426, 491, 550, 551, 740]
862 (4)  [185, 412, 534, 560, 566, 934, 974]
863 (3)  [445, 472, 482, 508, 599, 972, 998]
864 (4)  [349, 417, 473, 496, 534, 554, 911]
865 (4)  [326, 359, 431, 481, 530, 563, 973]
866 (3)  [406, 475, 508, 543, 684, 903, 981]
867 (4)  [256, 370, 469, 494, 523, 569, 969]
868 (4)  [145, 483, 543, 550, 558, 567, 925]
869 (4)  [221, 465, 477, 507, 513, 531, 542]
870 (3)  [338, 403, 412, 463, 533, 559, 612]
871 (4)  [285, 311, 511, 536, 555, 742, 955]
872 (4)  [373, 490, 494, 514, 525, 569, 918]
873 (3)  [22, 468, 510, 516, 568, 614, 789]
874 (4)  [246, 363, 529, 555, 825, 885, 910]
875 (4)  [361, 476, 482, 505, 531, 568, 902]
876 (4)  [334, 428, 466, 502, 519, 556, 567]
877 (4)  [91, 267, 433, 528, 553, 558, 974]
878 (4)  [382, 398, 496, 519, 547, 558, 567]
879 (4)  [199, 345, 398, 411, 471, 490, 960]
880 (4)  [81, 192, 400, 475, 526, 531, 783]
881 (4)  [226, 353, 545, 546, 552, 556, 974]
882 (4)  [232, 288, 431, 464, 815, 949, 982]
883 (4)  [131, 354, 464, 539, 550, 846, 852]
884 (4)  [394, 402, 450, 470, 534, 559, 755]
885 (4)  [211, 309, 378, 471, 476, 542, 874]
886 (4)  [154, 316, 465, 480, 500, 536, 547, 764]
887 (4)  [306, 465, 468, 477, 493, 550, 564, 567]
888 (4)  [163, 200, 386, 514, 515, 547, 554, 768]
889 (3)  [302, 353, 354, 374, 486, 542, 554, 725]
890 (3)  [106, 510, 545, 546, 558, 632, 783, 974]
891 (4)  [174, 217, 391, 401, 489, 492, 559, 719]
892 (4)  [123, 156, 222, 422, 438, 498, 560, 567]
893 (4)  [181, 191, 275, 402, 528, 566, 569, 981]
894 (4)  [216, 298, 370, 419, 423, 556, 569, 759]
895 (4)  [179, 360, 436, 469, 507, 523, 551, 843]
896 (4)  [45, 277, 317, 406, 549, 565, 567, 711]
897 (3)  [233, 354, 487, 500, 644, 787, 951, 992]
898 (4)  [162, 223, 490, 546, 563, 566, 950, 993]
899 (4)  [110, 377, 503, 535, 538, 568, 924, 964]
900 (3)  [109, 141, 381, 435, 462, 516, 607, 992]
901 (4)  [199, 389, 533, 540, 777, 791, 996, 998]
902 (4)  [199, 380, 408, 495, 521, 559, 808, 875, 975]
903 (3)  [184, 474, 475, 514, 544, 546, 655, 833, 866]
904 (4)  [220, 269, 281, 356, 472, 483, 533, 547, 558]
905 (4)  [260, 292, 309, 430, 513, 518, 537, 563, 962]
906 (4)  [141, 337, 355, 434, 500, 505, 549, 551, 949]
907 (4)  [199, 280, 330, 501, 507, 510, 516, 562, 925]
908 (3)  [156, 226, 307, 329, 356, 394, 487, 554, 680]
909 (4)  [294, 383, 404, 501, 508, 543, 762, 853, 986]
910 (4)  [58, 356, 432, 468, 486, 514, 525, 721, 874]
911 (4)  [390, 489, 490, 508, 512, 535, 545, 547, 864]
912 (4)  [68, 183, 208, 269, 396, 425, 495, 505, 558]
913 (3)  [75, 337, 394, 407, 453, 478, 491, 627, 926]
914 (4)  [219, 356, 374, 469, 510, 527, 555, 734, 849]
915 (4)  [81, 242, 471, 475, 512, 513, 561, 976, 997]
916 (4)  [105, 124, 134, 394, 497, 504, 516, 531, 837]
917 (4)  [59, 252, 353, 367, 501, 523, 838, 980, 996]
918 (4)  [222, 295, 371, 463, 472, 495, 548, 872, 966]
919 (4)  [194, 437, 475, 499, 511, 519, 551, 559, 561, 808]
920 (4)  [307, 400, 410, 452, 454, 493, 547, 561, 940, 993]
921 (4)  [193, 205, 352, 464, 474, 535, 546, 551, 559, 958]
922 (4)  [156, 325, 386, 418, 497, 518, 535, 536, 558, 565]
923 (4)  [41, 72, 218, 325, 486, 512, 514, 541, 966, 979]
924 (4)  [197, 380, 410, 494, 499, 522, 566, 845, 899, 975]
925 (4)  [346, 419, 492, 566, 569, 703, 760, 868, 907, 983]
926 (4)  [366, 379, 416, 451, 492, 547, 560, 817, 913, 950]
927 (4)  [309, 345, 368, 437, 493, 499, 510, 525, 568, 739]
928 (4)  [143, 285, 364, 473, 513, 522, 533, 568, 941, 995]
929 (4)  [84, 180, 293, 370, 405, 420, 477, 549, 569, 957]
930 (4)  [212, 275, 288, 315, 380, 443, 504, 507, 543, 569]
931 (3)  [358, 372, 406, 461, 522, 539, 554, 615, 820, 971]
932 (3)  [133, 275, 342, 345, 385, 429, 559, 762, 797, 966]
933 (4)  [153, 358, 374, 382, 480, 487, 497, 505, 541, 547, 549]
934 (4)  [322, 402, 428, 472, 502, 512, 513, 539, 555, 557, 862]
935 (4)  [271, 342, 419, 439, 447, 509, 522, 530, 562, 706, 953]
936 (4)  [90, 320, 350, 402, 441, 446, 519, 531, 542, 771, 847]
937 (4)  [206, 252, 266, 351, 428, 461, 501, 530, 540, 557, 564]
938 (4)  [191, 386, 464, 472, 486, 498, 505, 518, 550, 558, 804]
939 (4)  [204, 267, 352, 408, 479, 487, 493, 499, 517, 569, 806]
940 (4)  [233, 256, 260, 348, 525, 526, 532, 533, 565, 821, 920]
941 (4)  [166, 336, 378, 416, 478, 541, 552, 553, 554, 764, 928]
942 (3)  [94, 262, 379, 395, 485, 534, 548, 564, 743, 791, 814]
943 (3)  [247, 272, 307, 310, 471, 485, 489, 507, 532, 668, 962]
944 (4)  [103, 112, 181, 431, 459, 482, 536, 537, 545, 555, 967]
945 (4)  [207, 211, 346, 362, 383, 398, 474, 489, 523, 526, 547]
946 (4)  [330, 352, 432, 474, 557, 564, 569, 709, 784, 988, 997]
947 (4)  [244, 386, 484, 507, 519, 540, 551, 563, 671, 952, 994]
948 (4)  [393, 463, 476, 492, 509, 518, 523, 524, 541, 562, 568, 688]
949 (4)  [275, 283, 288, 341, 369, 409, 425, 430, 493, 565, 882, 906]
950 (3)  [152, 339, 377, 424, 469, 528, 543, 544, 604, 898, 926, 979]
951 (4)  [332, 363, 375, 393, 439, 454, 555, 567, 661, 897, 955, 997]
952 (4)  [121, 342, 411, 412, 446, 471, 484, 517, 541, 543, 567, 947]
953 (3)  [151, 157, 250, 256, 263, 519, 559, 565, 694, 715, 751, 935]
954 (4)  [110, 198, 348, 370, 415, 429, 457, 464, 474, 499, 513, 844]
955 (4)  [187, 254, 266, 291, 312, 468, 479, 511, 541, 548, 871, 951]
956 (4)  [165, 418, 450, 451, 456, 458, 507, 543, 547, 552, 990, 992]
957 (4)  [293, 307, 328, 433, 472, 482, 491, 497, 553, 563, 844, 929, 979]
958 (4)  [316, 331, 420, 509, 530, 537, 552, 560, 563, 842, 921, 976, 997]
959 (3)  [53, 189, 267, 407, 459, 463, 482, 523, 527, 556, 670, 722, 748]
960 (4)  [147, 242, 244, 332, 467, 473, 511, 514, 516, 541, 554, 809, 879]
961 (4)  [165, 334, 343, 348, 424, 465, 478, 500, 524, 531, 538, 545, 712]
962 (4)  [79, 299, 376, 437, 468, 496, 525, 546, 567, 718, 905, 943, 969]
963 (4)  [218, 249, 273, 339, 342, 369, 476, 505, 513, 527, 535, 568, 995]
964 (3)  [279, 376, 404, 425, 460, 468, 474, 476, 490, 492, 566, 681, 899]
965 (3)  [362, 388, 390, 443, 447, 449, 505, 531, 558, 565, 567, 630, 978]
966 (3)  [379, 388, 405, 431, 448, 466, 530, 657, 693, 817, 918, 923, 932]
967 (3)  [244, 350, 395, 470, 509, 517, 529, 533, 544, 546, 584, 775, 944]
968 (3)  [153, 213, 227, 404, 426, 427, 461, 521, 534, 537, 542, 548, 719, 809]
969 (3)  [231, 310, 336, 354, 422, 441, 522, 558, 566, 768, 835, 867, 962, 989]
970 (3)  [107, 162, 300, 342, 423, 433, 497, 531, 546, 548, 566, 634, 679, 975]
971 (4)  [89, 165, 278, 402, 437, 441, 448, 487, 539, 544, 557, 567, 792, 931]
972 (4)  [316, 353, 469, 492, 503, 512, 515, 519, 533, 536, 537, 567, 822, 863]
973 (4)  [190, 194, 241, 411, 457, 470, 489, 513, 553, 557, 560, 832, 854, 865]
974 (3)  [195, 318, 490, 503, 512, 533, 540, 553, 563, 566, 633, 862, 877, 881, 890]
975 (3)  [320, 414, 421, 456, 477, 495, 502, 507, 523, 544, 651, 764, 902, 924, 970]
976 (3)  [100, 148, 170, 236, 287, 382, 453, 466, 471, 561, 714, 777, 915, 958, 977]
977 (4)  [260, 320, 328, 382, 415, 435, 442, 484, 496, 497, 533, 552, 561, 569, 976]
978 (3)  [260, 278, 408, 452, 477, 492, 536, 559, 661, 737, 833, 844, 965, 983, 995]
979 (4)  [138, 258, 279, 285, 310, 361, 483, 487, 522, 523, 560, 566, 923, 950, 957]
980 (4)  [62, 78, 118, 206, 296, 319, 397, 400, 447, 528, 550, 561, 568, 665, 917]
981 (4)  [185, 266, 388, 426, 494, 504, 522, 524, 562, 689, 747, 866, 893, 991, 997]
982 (3)  [265, 270, 282, 321, 351, 399, 445, 500, 515, 516, 534, 548, 560, 643, 753, 882]
983 (3)  [113, 358, 394, 398, 450, 479, 514, 517, 521, 536, 537, 553, 563, 825, 925, 978]
984 (4)  [135, 199, 302, 394, 424, 463, 474, 484, 493, 506, 527, 528, 534, 539, 558, 782]
985 (4)  [74, 129, 187, 254, 329, 427, 481, 507, 514, 527, 529, 538, 568, 677, 738, 754]
986 (3)  [423, 468, 476, 477, 490, 494, 496, 514, 525, 540, 554, 555, 558, 559, 561, 613, 909]
987 (4)  [167, 213, 270, 276, 286, 295, 388, 424, 436, 493, 524, 531, 535, 536, 543, 544, 565]
988 (3)  [303, 398, 414, 421, 473, 490, 493, 544, 545, 547, 563, 569, 695, 767, 799, 844, 946]
989 (4)  [215, 254, 262, 263, 334, 348, 350, 397, 415, 437, 487, 492, 508, 545, 549, 735, 799, 969]
990 (4)  [328, 429, 445, 480, 503, 508, 514, 522, 524, 530, 547, 553, 556, 567, 792, 805, 808, 956]
991 (3)  [135, 155, 185, 192, 245, 405, 447, 484, 521, 522, 534, 540, 567, 699, 731, 745, 773, 981]
992 (4)  [254, 335, 336, 363, 387, 432, 455, 465, 509, 530, 535, 538, 543, 551, 567, 897, 900, 956]
993 (4)  [87, 319, 359, 376, 439, 445, 448, 452, 465, 467, 515, 543, 561, 566, 776, 801, 898, 920, 994]
994 (4)  [95, 158, 264, 265, 279, 328, 351, 352, 353, 362, 366, 463, 483, 506, 539, 546, 550, 555, 693, 789, 849, 947, 993]
995 (4)  [67, 229, 236, 244, 291, 296, 312, 330, 347, 381, 384, 425, 434, 447, 523, 531, 533, 539, 568, 740, 928, 963, 978, 997]
996 (4)  [147, 225, 277, 297, 308, 382, 388, 409, 427, 434, 436, 450, 458, 490, 511, 512, 528, 534, 557, 559, 564, 567, 568, 803, 807, 901, 917]
997 (4)  [82, 91, 187, 345, 366, 383, 435, 443, 455, 466, 470, 472, 475, 476, 478, 493, 498, 532, 545, 548, 550, 556, 563, 566, 567, 831, 860, 915, 946, 951, 958, 981, 995]
998 (5)  [863, 901]
999 (5)  [829, 832]
