GLP Model
Parameters:
- m0:20.0
- m:1.0
- p:0.45
- beta:0.64

 Size : 299
 Size of core : 9
 % of P2P links : 0.15
 % of nodes in level 1 : 2.68
 % of nodes in level 2 : 43.81
 % of nodes in level 3 : 46.15
 % of nodes in level 4 : 7.36
 % of nodes in level 5 : 0
 Degree of level 1 : 28.75
 Degree of level 2 : 3.29
 Degree of level 3 : 1.91
 Degree of level 4 : 1.36
 Degree of level 5 : 0

1 (1)  [3, 5, 6, 8, 11, 16, 17, 18, 19, 81, 93, 104, 114, 122, 125, 174, 178, 179, 187]
2 (1)  [4, 5, 19, 22, 38, 63, 80, 108, 113, 117, 123, 131, 140, 142, 160, 163, 168, 171, 172, 184, 187]
3 (1)  [1, 4, 5, 6, 9, 12, 19, 27, 52, 67, 75, 97, 112, 114, 118, 121, 128, 137, 151, 161, 162, 168, 169, 173, 187]
4 (1)  [2, 3, 5, 6, 8, 19, 20, 42, 51, 54, 64, 72, 106, 110, 120, 127, 138, 139, 150, 158, 162, 176, 180, 181, 183, 185, 186]
5 (1)  [1, 2, 3, 4, 8, 14, 41, 43, 50, 86, 94, 96, 99, 119, 121, 124, 134, 141, 142, 144, 149, 152, 157, 164, 165, 166, 167, 168, 174, 181]
6 (1)  [1, 3, 4, 8, 15, 26, 31, 32, 35, 37, 53, 60, 73, 74, 76, 77, 98, 100, 105, 111, 117, 123, 140, 146, 149, 156, 170, 177, 181, 182, 185]
7 (1)  [8, 19, 24, 28, 30, 44, 56, 57, 58, 59, 65, 71, 77, 78, 82, 89, 90, 92, 94, 103, 115, 116, 129, 130, 132, 133, 136, 138, 143, 144, 145, 157, 158, 164, 165, 169, 176, 178]
8 (1)  [1, 4, 5, 6, 7, 19, 23, 29, 34, 36, 40, 45, 46, 47, 49, 55, 68, 70, 83, 85, 87, 91, 95, 101, 107, 109, 144, 147, 148, 152, 153, 159, 161, 164, 166, 167, 171, 182, 185]
9 (2)  [3]
10 (2)  [19]
11 (2)  [1]
12 (2)  [3]
13 (2)  [19]
14 (2)  [5]
15 (2)  [6]
16 (2)  [1]
17 (2)  [1]
18 (2)  [1]
19 (2)  [4]
20 (2)  [4]
21 (2)  [19]
22 (2)  [2]
23 (2)  [8]
24 (2)  [7]
25 (2)  [19]
26 (2)  [6]
27 (2)  [3]
28 (2)  [7]
29 (2)  [8]
30 (2)  [7]
31 (2)  [6]
32 (2)  [6]
33 (2)  [19]
34 (2)  [8]
35 (2)  [6]
36 (2)  [8]
37 (2)  [6]
38 (2)  [2]
39 (2)  [19]
40 (2)  [8]
41 (2)  [5]
42 (2)  [4]
43 (2)  [5]
44 (2)  [7]
45 (2)  [8]
46 (2)  [8]
47 (2)  [8]
48 (2)  [19]
49 (2)  [8]
50 (2)  [5]
51 (2)  [4]
52 (2)  [3]
53 (2)  [6]
54 (2)  [4]
55 (2)  [8]
56 (2)  [7]
57 (2)  [7]
58 (2)  [7]
59 (2)  [7]
60 (2)  [6]
61 (2)  [19]
62 (2)  [19]
63 (2)  [2]
64 (2)  [4]
65 (2)  [7]
66 (2)  [19]
67 (2)  [3]
68 (2)  [8]
69 (2)  [19]
70 (2)  [8]
71 (2)  [7]
72 (2)  [4]
73 (2)  [6]
74 (2)  [6]
75 (3)  [3, 170]
76 (3)  [6, 153]
77 (2)  [6, 7]
78 (3)  [7, 184]
79 (3)  [19, 179]
80 (2)  [2, 193]
81 (2)  [1, 196]
82 (3)  [7, 128]
83 (3)  [8, 151]
84 (3)  [19, 185]
85 (3)  [8, 168]
86 (3)  [5, 182]
87 (3)  [8, 176]
88 (3)  [19, 178]
89 (2)  [7, 19]
90 (3)  [7, 184]
91 (3)  [8, 148]
92 (2)  [7, 254]
93 (3)  [1, 107]
94 (2)  [5, 7]
95 (2)  [8, 211]
96 (2)  [5, 275]
97 (2)  [3, 237]
98 (3)  [6, 178]
99 (2)  [5, 255]
100 (2)  [6, 282]
101 (2)  [8, 207]
102 (3)  [19, 157]
103 (2)  [7, 19]
104 (3)  [1, 184]
105 (3)  [6, 173]
106 (3)  [4, 179]
107 (2)  [8, 93]
108 (3)  [2, 138]
109 (2)  [8, 277]
110 (3)  [4, 155]
111 (3)  [6, 183]
112 (3)  [3, 135]
113 (2)  [2, 223]
114 (2)  [1, 3]
115 (2)  [7, 19]
116 (3)  [7, 183]
117 (2)  [2, 6]
118 (3)  [3, 145]
119 (3)  [5, 182]
120 (2)  [4, 274]
121 (2)  [3, 5]
122 (3)  [1, 170, 268]
123 (2)  [2, 6, 224]
124 (3)  [5, 145, 183]
125 (3)  [1, 185, 186]
126 (2)  [19, 171, 261]
127 (3)  [4, 184, 271]
128 (2)  [3, 82, 241]
129 (3)  [7, 178, 182]
130 (3)  [7, 173, 182]
131 (2)  [2, 184, 243]
132 (3)  [7, 157, 161]
133 (3)  [7, 182, 184]
134 (3)  [5, 182, 187]
135 (2)  [19, 112, 246]
136 (2)  [7, 184, 249, 265]
137 (2)  [3, 143, 187, 216]
138 (2)  [4, 7, 108, 181]
139 (2)  [4, 158, 161, 248]
140 (3)  [2, 6, 187, 280]
141 (2)  [5, 177, 187, 245]
142 (3)  [2, 5, 177, 179]
143 (2)  [7, 137, 198, 227]
144 (3)  [5, 7, 8, 187]
145 (2)  [7, 118, 124, 179]
146 (2)  [6, 167, 187, 242]
147 (3)  [8, 150, 152, 180]
148 (2)  [8, 19, 91, 183]
149 (3)  [5, 6, 176, 187]
150 (3)  [4, 147, 172, 276]
151 (2)  [3, 83, 186, 283]
152 (2)  [5, 8, 147, 233, 247]
153 (2)  [8, 76, 187, 267, 280]
154 (3)  [19, 159, 165, 180, 279]
155 (2)  [19, 110, 175, 177, 178]
156 (2)  [6, 19, 166, 186, 235]
157 (2)  [5, 7, 102, 132, 269]
158 (3)  [4, 7, 139, 167, 285]
159 (3)  [8, 154, 163, 169, 183]
160 (2)  [2, 19, 186, 234, 250]
161 (3)  [3, 8, 19, 132, 139, 266]
162 (3)  [3, 4, 19, 179, 185, 186]
163 (3)  [2, 19, 159, 186, 273, 284]
164 (2)  [5, 7, 8, 222, 252, 279]
165 (2)  [5, 7, 154, 176, 199, 218]
166 (2)  [5, 8, 156, 180, 183, 187, 285]
167 (3)  [5, 8, 19, 146, 158, 184, 270]
168 (2)  [2, 3, 5, 19, 85, 186, 258]
169 (2)  [3, 7, 159, 174, 204, 278, 283]
170 (2)  [6, 75, 122, 178, 230, 270, 282]
171 (2)  [2, 8, 126, 175, 220, 231, 262]
172 (2)  [2, 19, 150, 201, 203, 232, 272]
173 (2)  [3, 105, 130, 187, 219, 256, 281]
174 (2)  [1, 5, 19, 169, 225, 226, 266, 281]
175 (2)  [19, 155, 171, 176, 183, 186, 213, 272]
176 (2)  [4, 7, 87, 149, 165, 175, 177, 239, 279]
177 (2)  [6, 19, 141, 142, 155, 176, 192, 194, 210, 236]
178 (2)  [1, 7, 19, 88, 98, 129, 155, 170, 181, 186]
179 (2)  [1, 79, 106, 142, 145, 162, 184, 187, 214, 284]
180 (2)  [4, 147, 154, 166, 182, 184, 191, 202, 209, 215, 240]
181 (2)  [4, 5, 6, 19, 138, 178, 184, 185, 189, 190, 260]
182 (2)  [6, 8, 86, 119, 129, 130, 133, 134, 180, 183, 263, 264]
183 (2)  [4, 19, 111, 116, 124, 148, 159, 166, 175, 182, 185, 197, 257, 268]
184 (2)  [2, 78, 90, 104, 127, 131, 133, 136, 167, 179, 180, 181, 187, 208, 276]
185 (2)  [4, 6, 8, 84, 125, 162, 181, 183, 186, 187, 188, 200, 228, 251, 253, 265]
186 (2)  [4, 125, 151, 156, 160, 162, 163, 168, 175, 178, 185, 212, 217, 244, 273, 278]
187 (2)  [1, 2, 3, 19, 134, 137, 140, 141, 144, 146, 149, 153, 166, 173, 179, 184, 185, 195, 205, 206, 221, 229, 238, 259, 271, 274, 277]
188 (3)  [185]
189 (3)  [181]
190 (3)  [181]
191 (3)  [180]
192 (3)  [177]
193 (3)  [80]
194 (3)  [177]
195 (3)  [187]
196 (3)  [81]
197 (3)  [183]
198 (3)  [143]
199 (3)  [165]
200 (3)  [185]
201 (3)  [172]
202 (3)  [180]
203 (3)  [172]
204 (3)  [169]
205 (3)  [187]
206 (3)  [187]
207 (3)  [101]
208 (3)  [184]
209 (3)  [180]
210 (3)  [177]
211 (3)  [95]
212 (3)  [186]
213 (3)  [175]
214 (3)  [179]
215 (3)  [180]
216 (3)  [137]
217 (3)  [186]
218 (3)  [165]
219 (3)  [173]
220 (3)  [171]
221 (3)  [187]
222 (3)  [164]
223 (3)  [113]
224 (3)  [123]
225 (3)  [174]
226 (3)  [174]
227 (3)  [143]
228 (3)  [185]
229 (3)  [187]
230 (3)  [170]
231 (3)  [171]
232 (3)  [172]
233 (3)  [152]
234 (3)  [160]
235 (3)  [156]
236 (3)  [177]
237 (3)  [97]
238 (3)  [187]
239 (3)  [176]
240 (3)  [180]
241 (3)  [128]
242 (3)  [146]
243 (3)  [131]
244 (3)  [186]
245 (3)  [141]
246 (3)  [135]
247 (3)  [152]
248 (3)  [139]
249 (3)  [136]
250 (3)  [160]
251 (3)  [185]
252 (3)  [164]
253 (3)  [185]
254 (3)  [92]
255 (3)  [99]
256 (3)  [173]
257 (3)  [183]
258 (3)  [168]
259 (3)  [187]
260 (3)  [181]
261 (3)  [126]
262 (3)  [171]
263 (3)  [182]
264 (3)  [182]
265 (3)  [136, 185]
266 (4)  [161, 174]
267 (4)  [153, 279]
268 (4)  [122, 183]
269 (3)  [157, 290]
270 (4)  [167, 170]
271 (4)  [127, 187]
272 (3)  [172, 175]
273 (4)  [163, 186]
274 (3)  [120, 187]
275 (4)  [96, 277]
276 (4)  [150, 184]
277 (3)  [109, 187, 275]
278 (3)  [169, 186, 296]
279 (3)  [154, 164, 176, 267]
280 (3)  [140, 153, 287, 294]
281 (3)  [173, 174, 286, 288]
282 (3)  [100, 170, 293, 295]
283 (3)  [151, 169, 292, 299]
284 (3)  [163, 179, 285, 298]
285 (3)  [158, 166, 284, 289, 291, 297]
286 (4)  [281]
287 (4)  [280]
288 (4)  [281]
289 (4)  [285]
290 (4)  [269]
291 (4)  [285]
292 (4)  [283]
293 (4)  [282]
294 (4)  [280]
295 (4)  [282]
296 (4)  [278]
297 (4)  [285]
298 (4)  [284]
299 (4)  [283]
