GLP Model
Parameters:
- m0:20.0
- m:1.0
- p:0.45
- beta:0.64

 Size : 200
 Size of core : 9
 % of P2P links : 0.17
 % of nodes in level 1 : 4
 % of nodes in level 2 : 41
 % of nodes in level 3 : 47.5
 % of nodes in level 4 : 6.5
 % of nodes in level 5 : 1
 Degree of level 1 : 18.75
 Degree of level 2 : 3.91
 Degree of level 3 : 1.74
 Degree of level 4 : 1.92
 Degree of level 5 : 1

1 (1)  [3, 5, 7, 15, 16, 21, 33, 36, 66, 101, 104, 110, 111]
2 (1)  [3, 4, 7, 12, 16, 42, 51, 52, 53, 76, 81, 97, 103, 112]
3 (1)  [1, 2, 4, 6, 7, 40, 48, 64, 73, 74, 84, 88, 91, 93, 108]
4 (1)  [2, 3, 6, 7, 8, 16, 30, 45, 49, 77, 95, 97, 105, 110, 113]
5 (1)  [1, 7, 8, 9, 17, 61, 62, 68, 71, 83, 87, 89, 98, 101, 102, 105, 111, 113]
6 (1)  [3, 4, 7, 8, 13, 14, 26, 27, 29, 31, 35, 56, 89, 90, 92, 93, 94, 96, 98, 102, 109, 111, 112]
7 (1)  [1, 2, 3, 4, 5, 6, 16, 18, 22, 39, 41, 46, 47, 54, 58, 74, 80, 86, 92, 94, 99, 100, 111]
8 (1)  [4, 5, 6, 10, 16, 19, 20, 23, 24, 43, 54, 55, 56, 65, 67, 74, 75, 82, 85, 90, 94, 98, 99, 100, 101, 103, 106, 108, 109]
9 (2)  [5]
10 (2)  [8]
11 (2)  [16]
12 (2)  [2]
13 (2)  [6]
14 (2)  [6]
15 (2)  [1]
16 (2)  [8]
17 (2)  [5]
18 (2)  [7]
19 (2)  [8]
20 (2)  [8]
21 (2)  [1]
22 (2)  [7]
23 (2)  [8]
24 (2)  [8]
25 (2)  [16]
26 (2)  [6]
27 (2)  [6]
28 (2)  [16]
29 (2)  [6]
30 (2)  [4]
31 (2)  [6]
32 (2)  [16]
33 (2)  [1]
34 (2)  [16]
35 (2)  [6]
36 (2)  [1]
37 (2)  [16]
38 (2)  [16]
39 (2)  [7]
40 (2)  [3]
41 (2)  [7]
42 (2)  [2]
43 (2)  [8, 185]
44 (3)  [16, 76]
45 (3)  [4, 102]
46 (2)  [7, 193]
47 (2)  [7, 190]
48 (2)  [3, 189]
49 (2)  [4, 187]
50 (3)  [16, 111]
51 (3)  [2, 109]
52 (2)  [2, 16]
53 (3)  [2, 96]
54 (2)  [7, 8]
55 (3)  [8, 97]
56 (2)  [6, 8]
57 (3)  [16, 108]
58 (3)  [7, 99]
59 (3)  [16, 105]
60 (2)  [16, 159]
61 (3)  [5, 74, 179]
62 (3)  [5, 103, 111]
63 (3)  [16, 99, 113]
64 (3)  [3, 16, 82]
65 (3)  [8, 106, 173]
66 (3)  [1, 104, 112]
67 (2)  [8, 108, 146]
68 (2)  [5, 109, 131]
69 (3)  [16, 108, 184]
70 (3)  [16, 82, 87]
71 (3)  [5, 90, 110]
72 (2)  [16, 103, 143]
73 (3)  [3, 104, 108]
74 (2)  [3, 7, 8, 61]
75 (2)  [8, 101, 106, 154]
76 (2)  [2, 44, 107, 185]
77 (2)  [4, 99, 104, 114]
78 (2)  [16, 100, 155, 193]
79 (3)  [16, 97, 99, 105]
80 (2)  [7, 110, 112, 150]
81 (2)  [2, 113, 139, 166]
82 (2)  [8, 64, 70, 120]
83 (2)  [5, 84, 87, 137]
84 (2)  [3, 83, 144, 191]
85 (2)  [8, 108, 171, 181]
86 (2)  [7, 16, 168, 178]
87 (3)  [5, 16, 70, 83]
88 (2)  [3, 106, 149, 157]
89 (3)  [5, 6, 16, 106, 185]
90 (2)  [6, 8, 71, 113, 127]
91 (2)  [3, 16, 94, 105, 173]
92 (2)  [6, 7, 104, 151, 158]
93 (2)  [3, 6, 180, 181, 189]
94 (3)  [6, 7, 8, 91, 106, 112]
95 (2)  [4, 96, 103, 109, 124, 188]
96 (2)  [6, 16, 53, 95, 98, 113]
97 (2)  [2, 4, 55, 79, 102, 156]
98 (2)  [5, 6, 8, 96, 133, 192]
99 (2)  [7, 8, 58, 63, 77, 79, 111]
100 (2)  [7, 8, 16, 78, 106, 164, 177, 187]
101 (2)  [1, 5, 8, 75, 112, 113, 148, 187]
102 (2)  [5, 6, 16, 45, 97, 111, 115, 136, 172]
103 (2)  [2, 8, 62, 72, 95, 122, 125, 165, 192]
104 (2)  [1, 66, 73, 77, 92, 109, 145, 177, 190]
105 (2)  [4, 5, 59, 79, 91, 107, 110, 126, 182, 183]
106 (2)  [8, 65, 75, 88, 89, 94, 100, 112, 113, 160, 167]
107 (2)  [16, 76, 105, 110, 113, 129, 134, 176, 186, 190, 192]
108 (2)  [3, 8, 57, 67, 69, 73, 85, 140, 169, 172, 179, 184]
109 (2)  [6, 8, 16, 51, 68, 95, 104, 110, 123, 135, 141, 169, 175]
110 (2)  [1, 4, 71, 80, 105, 107, 109, 116, 118, 121, 128, 189, 191]
111 (2)  [1, 5, 6, 7, 50, 62, 99, 102, 113, 138, 142, 161, 174]
112 (2)  [2, 6, 66, 80, 94, 101, 106, 130, 153, 162, 163, 175, 180]
113 (2)  [4, 5, 63, 81, 90, 96, 101, 106, 107, 111, 117, 119, 132, 147, 152, 170, 186, 188]
114 (3)  [77]
115 (3)  [102]
116 (3)  [110]
117 (3)  [113]
118 (3)  [110]
119 (3)  [113]
120 (3)  [82]
121 (3)  [110]
122 (3)  [103]
123 (3)  [109]
124 (3)  [95]
125 (3)  [103]
126 (3)  [105]
127 (3)  [90]
128 (3)  [110]
129 (3)  [107]
130 (3)  [112]
131 (3)  [68]
132 (3)  [113]
133 (3)  [98]
134 (3)  [107]
135 (3)  [109]
136 (3)  [102]
137 (3)  [83]
138 (3)  [111]
139 (3)  [81]
140 (3)  [108]
141 (3)  [109]
142 (3)  [111]
143 (3)  [72]
144 (3)  [84]
145 (3)  [104]
146 (3)  [67]
147 (3)  [113]
148 (3)  [101]
149 (3)  [88]
150 (3)  [80]
151 (3)  [92]
152 (3)  [113]
153 (3)  [112]
154 (3)  [75]
155 (3)  [78]
156 (3)  [97]
157 (3)  [88]
158 (3)  [92]
159 (3)  [60]
160 (3)  [106]
161 (3)  [111]
162 (3)  [112]
163 (3)  [112]
164 (3)  [100]
165 (3)  [103]
166 (3)  [81]
167 (3)  [106]
168 (3)  [86]
169 (3)  [108, 109]
170 (4)  [113, 193]
171 (4)  [85, 193]
172 (3)  [102, 108]
173 (4)  [65, 91]
174 (3)  [111, 198]
175 (3)  [109, 112]
176 (3)  [107, 196]
177 (3)  [100, 104]
178 (3)  [86, 194]
179 (4)  [61, 108]
180 (3)  [93, 112]
181 (3)  [85, 93]
182 (4)  [105, 183]
183 (3)  [105, 182]
184 (4)  [69, 108]
185 (4)  [43, 76, 89]
186 (3)  [107, 113, 197]
187 (3)  [49, 100, 101]
188 (4)  [95, 113, 192]
189 (3)  [48, 93, 110]
190 (3)  [47, 104, 107]
191 (3)  [84, 110, 195]
192 (3)  [98, 103, 107, 188]
193 (3)  [46, 78, 170, 171]
194 (4)  [178]
195 (4)  [191]
196 (4)  [176]
197 (4)  [186, 199]
198 (4)  [174, 200]
199 (5)  [197]
200 (5)  [198]
