Aiello Model
Parameters:
- gamma:0.5
- m:20.0

 Size : 999
 Size of core : 20
 % of P2P links : 0.13
 % of nodes in level 1 : 1.7
 % of nodes in level 2 : 63.46
 % of nodes in level 3 : 34.73
 % of nodes in level 4 : 0.1
 % of nodes in level 5 : 0
 Degree of level 1 : 279.94
 Degree of level 2 : 7.53
 Degree of level 3 : 10.48
 Degree of level 4 : 2
 Degree of level 5 : 0

1 (1)  [2, 3, 4, 5, 6, 7, 8, 9, 10, 11, 12, 13, 14, 15, 16, 17, 18, 19, 117, 178, 453, 514, 522, 538, 561, 602, 645, 652, 681, 704, 728, 735, 765, 775, 778, 790, 791, 801, 808, 810, 811, 816, 819, 822, 834, 835, 839, 847, 852, 855, 868, 877, 883, 884, 890, 900, 903, 904, 905, 906, 907, 910, 912, 914, 917, 922, 924, 925, 927, 933, 934, 936, 937, 938, 939, 940, 942, 943, 944, 945, 946, 947, 948, 949, 952, 953, 955, 957, 958, 959, 960, 961, 962, 963, 964, 965, 966, 967, 968, 969, 970, 971, 972, 973, 974, 975, 976, 977, 978, 979]
2 (1)  [1, 3, 4, 5, 6, 7, 8, 9, 10, 11, 12, 13, 14, 15, 16, 17, 18, 19, 65, 178, 434, 499, 548, 575, 591, 639, 698, 751, 757, 761, 771, 772, 775, 780, 786, 790, 795, 813, 819, 822, 836, 838, 839, 841, 842, 843, 845, 862, 866, 869, 871, 875, 878, 883, 884, 891, 894, 895, 898, 899, 900, 905, 907, 908, 910, 911, 912, 917, 919, 920, 923, 924, 927, 928, 930, 932, 933, 934, 935, 936, 937, 938, 940, 941, 943, 944, 945, 946, 947, 948, 951, 952, 953, 954, 955, 956, 957, 958, 959, 960, 961, 962, 963, 964, 965, 966, 967, 968, 969, 970, 971, 972, 973, 974, 975, 976, 977, 978, 979]
3 (2)  [1, 2, 4, 5, 6, 7, 8, 9, 10, 11, 12, 13, 14, 15, 16, 17, 18, 19, 178, 257, 390, 411, 412, 447, 529, 573, 630, 637, 664, 674, 680, 721, 744, 754, 771, 773, 777, 788, 795, 804, 805, 812, 825, 826, 830, 833, 834, 835, 848, 851, 853, 856, 857, 859, 861, 866, 867, 878, 881, 884, 885, 889, 891, 894, 896, 899, 900, 901, 902, 903, 908, 909, 910, 911, 913, 923, 925, 926, 927, 929, 930, 931, 932, 933, 934, 936, 937, 938, 939, 940, 941, 944, 946, 947, 949, 950, 952, 953, 954, 956, 957, 958, 959, 960, 961, 962, 963, 965, 966, 967, 968, 969, 970, 971, 972, 973, 974, 975, 976, 977, 978, 979]
4 (2)  [1, 2, 3, 5, 6, 7, 8, 9, 10, 11, 12, 13, 14, 15, 16, 17, 18, 19, 178, 388, 405, 495, 555, 588, 605, 647, 649, 667, 694, 714, 733, 753, 758, 759, 776, 780, 784, 795, 797, 817, 820, 832, 837, 840, 843, 845, 847, 848, 851, 858, 859, 868, 869, 877, 878, 879, 880, 886, 887, 889, 890, 891, 893, 897, 898, 899, 901, 902, 903, 905, 907, 911, 914, 915, 916, 917, 921, 924, 925, 927, 928, 930, 931, 932, 933, 934, 935, 936, 937, 938, 939, 940, 941, 942, 943, 944, 945, 946, 947, 948, 949, 950, 951, 952, 953, 955, 956, 957, 958, 959, 960, 961, 962, 963, 964, 965, 966, 967, 968, 969, 970, 971, 972, 973, 974, 975, 976, 977, 978, 979]
5 (1)  [1, 2, 3, 4, 6, 7, 8, 9, 10, 11, 12, 13, 14, 15, 16, 17, 18, 19, 50, 78, 146, 178, 245, 319, 430, 441, 494, 546, 614, 616, 619, 640, 653, 697, 700, 716, 751, 773, 780, 796, 797, 803, 804, 807, 810, 814, 816, 818, 820, 822, 823, 825, 827, 830, 834, 842, 843, 852, 853, 854, 855, 856, 862, 863, 865, 869, 872, 876, 877, 879, 884, 885, 886, 887, 888, 889, 890, 895, 896, 897, 898, 901, 903, 904, 905, 906, 907, 908, 909, 910, 913, 914, 915, 916, 917, 918, 919, 921, 922, 925, 927, 929, 930, 931, 933, 934, 935, 937, 938, 940, 941, 944, 945, 946, 947, 948, 949, 950, 951, 952, 953, 954, 955, 956, 957, 958, 959, 960, 961, 962, 963, 964, 965, 966, 967, 968, 969, 970, 971, 972, 973, 974, 975, 976, 977, 978, 979]
6 (1)  [1, 2, 3, 4, 5, 7, 8, 9, 10, 11, 12, 13, 14, 15, 16, 17, 18, 19, 92, 178, 260, 356, 412, 437, 444, 471, 479, 490, 591, 597, 600, 624, 631, 632, 655, 668, 669, 678, 680, 686, 691, 694, 711, 712, 717, 734, 736, 742, 749, 754, 767, 769, 777, 779, 785, 793, 796, 797, 806, 809, 815, 821, 824, 825, 826, 827, 829, 832, 835, 837, 840, 846, 847, 849, 851, 853, 855, 857, 861, 862, 864, 865, 867, 869, 872, 874, 876, 877, 880, 881, 882, 883, 885, 886, 887, 888, 892, 893, 894, 898, 899, 900, 904, 905, 906, 907, 908, 910, 912, 913, 914, 917, 918, 919, 921, 922, 923, 924, 925, 926, 927, 928, 929, 930, 931, 932, 933, 934, 935, 936, 937, 939, 940, 941, 942, 943, 944, 945, 946, 947, 948, 949, 950, 951, 952, 953, 954, 955, 956, 957, 958, 959, 960, 961, 962, 963, 964, 965, 966, 967, 968, 969, 970, 971, 972, 973, 974, 975, 976, 977, 978, 979]
7 (1)  [1, 2, 3, 4, 5, 6, 8, 9, 10, 11, 12, 13, 14, 15, 16, 17, 18, 19, 31, 39, 68, 119, 163, 178, 195, 223, 279, 306, 310, 312, 322, 349, 353, 399, 431, 442, 447, 451, 470, 477, 486, 514, 519, 520, 585, 620, 632, 654, 667, 673, 679, 684, 686, 692, 696, 699, 706, 707, 709, 714, 716, 723, 725, 727, 735, 741, 746, 747, 750, 752, 756, 762, 775, 781, 784, 785, 788, 790, 792, 796, 798, 799, 802, 803, 804, 805, 806, 807, 808, 810, 812, 813, 816, 818, 822, 823, 824, 826, 828, 833, 835, 836, 837, 838, 839, 840, 842, 843, 844, 851, 853, 855, 858, 859, 860, 864, 865, 866, 867, 868, 869, 871, 872, 873, 874, 876, 877, 878, 879, 880, 881, 882, 883, 884, 885, 886, 887, 888, 889, 890, 891, 892, 893, 895, 896, 897, 898, 899, 900, 901, 902, 903, 904, 905, 906, 907, 908, 909, 910, 911, 912, 913, 914, 915, 916, 917, 918, 919, 920, 921, 922, 923, 924, 925, 926, 927, 928, 929, 930, 931, 932, 933, 934, 935, 936, 937, 938, 939, 940, 941, 942, 943, 944, 945, 946, 947, 948, 949, 950, 951, 952, 953, 954, 955, 956, 957, 958, 959, 960, 961, 962, 963, 964, 965, 966, 967, 968, 969, 970, 971, 972, 973, 974, 975, 976, 977, 978, 979]
8 (1)  [1, 2, 3, 4, 5, 6, 7, 9, 10, 11, 12, 13, 14, 15, 16, 17, 18, 19, 113, 178, 232, 273, 331, 405, 406, 418, 426, 435, 438, 444, 452, 453, 469, 487, 492, 500, 516, 524, 530, 532, 537, 545, 546, 550, 559, 569, 575, 586, 597, 606, 608, 624, 627, 630, 640, 643, 659, 664, 672, 674, 675, 676, 683, 687, 692, 694, 695, 702, 707, 709, 714, 715, 717, 726, 737, 739, 746, 752, 753, 758, 759, 763, 765, 768, 772, 776, 779, 781, 787, 791, 792, 798, 804, 806, 808, 809, 811, 812, 814, 817, 819, 821, 826, 829, 830, 831, 834, 837, 839, 841, 843, 847, 848, 849, 850, 852, 853, 854, 855, 857, 858, 859, 860, 862, 863, 864, 865, 866, 867, 868, 869, 870, 871, 872, 873, 874, 875, 877, 878, 881, 882, 883, 884, 885, 886, 887, 888, 889, 890, 892, 894, 895, 897, 898, 899, 900, 902, 903, 904, 905, 906, 907, 908, 909, 910, 911, 912, 913, 914, 915, 917, 918, 919, 920, 921, 922, 923, 924, 925, 926, 927, 928, 929, 930, 931, 932, 933, 934, 935, 936, 937, 938, 939, 940, 941, 942, 943, 944, 945, 946, 947, 948, 949, 950, 951, 952, 953, 954, 955, 956, 957, 958, 959, 960, 961, 962, 963, 964, 965, 966, 967, 968, 969, 970, 971, 972, 973, 974, 975, 976, 977, 978, 979]
9 (1)  [1, 2, 3, 4, 5, 6, 7, 8, 10, 11, 12, 13, 14, 15, 16, 17, 18, 19, 115, 155, 178, 183, 226, 229, 247, 300, 378, 391, 428, 440, 448, 464, 472, 481, 485, 488, 497, 501, 507, 510, 513, 517, 521, 524, 545, 568, 581, 593, 600, 611, 612, 616, 618, 620, 622, 626, 638, 642, 668, 671, 676, 679, 685, 687, 688, 690, 692, 695, 704, 708, 712, 713, 716, 719, 724, 726, 729, 730, 731, 732, 736, 738, 739, 745, 746, 748, 754, 755, 756, 757, 760, 764, 773, 774, 781, 782, 783, 785, 788, 794, 800, 802, 803, 806, 811, 817, 819, 820, 821, 823, 824, 827, 828, 829, 831, 834, 837, 839, 840, 841, 843, 844, 845, 846, 847, 848, 850, 851, 854, 858, 859, 860, 861, 862, 863, 865, 866, 867, 868, 869, 870, 871, 872, 874, 875, 876, 877, 879, 880, 883, 884, 886, 888, 891, 892, 894, 895, 896, 897, 898, 899, 900, 901, 902, 903, 904, 905, 906, 907, 908, 909, 910, 911, 912, 913, 914, 915, 916, 917, 918, 919, 920, 921, 922, 923, 924, 925, 926, 927, 928, 929, 930, 931, 932, 933, 934, 935, 936, 937, 938, 939, 940, 941, 942, 943, 944, 945, 946, 947, 948, 949, 950, 951, 952, 953, 954, 955, 956, 957, 958, 959, 960, 961, 962, 963, 964, 965, 966, 967, 968, 969, 970, 971, 972, 973, 974, 975, 976, 977, 978, 979]
10 (1)  [1, 2, 3, 4, 5, 6, 7, 8, 9, 11, 12, 13, 14, 15, 16, 17, 18, 19, 46, 71, 83, 91, 112, 129, 130, 178, 178, 210, 241, 248, 275, 284, 325, 333, 338, 373, 378, 402, 404, 439, 445, 457, 481, 489, 493, 496, 500, 517, 518, 523, 533, 553, 556, 564, 565, 571, 572, 584, 587, 589, 601, 604, 623, 634, 644, 651, 656, 658, 663, 664, 669, 675, 676, 685, 686, 699, 700, 701, 707, 715, 718, 720, 723, 728, 730, 731, 734, 737, 738, 741, 743, 744, 746, 756, 766, 772, 773, 774, 775, 779, 780, 781, 783, 787, 791, 795, 796, 797, 798, 799, 800, 802, 805, 806, 808, 809, 810, 813, 814, 815, 817, 820, 822, 823, 824, 826, 827, 828, 831, 832, 833, 835, 837, 838, 839, 840, 845, 846, 848, 849, 850, 852, 853, 855, 857, 858, 860, 861, 862, 863, 864, 866, 867, 868, 872, 873, 874, 875, 876, 878, 880, 881, 883, 884, 885, 886, 889, 890, 891, 893, 894, 895, 896, 897, 898, 899, 900, 901, 902, 903, 904, 905, 906, 907, 908, 909, 910, 911, 912, 913, 914, 915, 916, 917, 918, 919, 920, 921, 922, 923, 924, 925, 926, 927, 928, 929, 930, 931, 932, 933, 934, 935, 936, 937, 938, 939, 940, 941, 942, 943, 944, 945, 946, 947, 948, 949, 950, 951, 952, 953, 954, 955, 956, 957, 958, 959, 960, 961, 962, 963, 964, 965, 966, 967, 968, 969, 970, 971, 972, 973, 974, 975, 976, 977, 978, 979]
11 (1)  [1, 2, 3, 4, 5, 6, 7, 8, 9, 10, 12, 13, 14, 15, 16, 17, 18, 19, 53, 87, 178, 179, 218, 236, 237, 254, 261, 262, 263, 271, 306, 313, 324, 345, 384, 410, 415, 421, 444, 449, 475, 491, 503, 512, 527, 534, 539, 547, 558, 561, 574, 582, 587, 595, 599, 603, 607, 618, 625, 627, 631, 638, 639, 648, 649, 651, 665, 667, 672, 677, 684, 687, 689, 691, 699, 702, 711, 712, 718, 721, 729, 733, 737, 740, 744, 747, 748, 749, 750, 751, 754, 758, 759, 761, 764, 766, 769, 770, 775, 777, 778, 784, 789, 795, 797, 800, 801, 802, 803, 806, 807, 809, 810, 811, 812, 813, 816, 818, 819, 821, 825, 826, 828, 829, 830, 833, 834, 837, 838, 839, 841, 842, 844, 845, 846, 847, 848, 849, 850, 851, 853, 854, 856, 857, 858, 859, 860, 861, 862, 864, 865, 866, 867, 868, 869, 870, 872, 873, 874, 875, 876, 878, 879, 880, 881, 882, 883, 884, 885, 886, 887, 888, 889, 890, 892, 893, 894, 895, 896, 897, 898, 899, 900, 901, 902, 903, 904, 905, 906, 907, 908, 909, 910, 911, 912, 913, 914, 915, 916, 917, 918, 919, 920, 921, 922, 923, 924, 925, 926, 927, 928, 929, 930, 931, 932, 933, 934, 935, 936, 937, 938, 939, 940, 941, 942, 943, 944, 945, 946, 947, 948, 949, 950, 951, 952, 953, 954, 955, 956, 957, 958, 959, 960, 961, 962, 963, 964, 965, 966, 967, 968, 969, 970, 971, 972, 973, 974, 975, 976, 977, 978, 979]
12 (1)  [1, 2, 3, 4, 5, 6, 7, 8, 9, 10, 11, 13, 14, 15, 16, 17, 18, 19, 178, 250, 278, 286, 307, 323, 351, 355, 363, 370, 372, 392, 407, 410, 423, 431, 449, 459, 467, 477, 490, 503, 509, 518, 525, 551, 552, 557, 558, 563, 566, 574, 580, 584, 585, 591, 594, 601, 615, 616, 619, 620, 626, 636, 644, 648, 654, 655, 658, 659, 660, 662, 673, 675, 679, 682, 698, 701, 705, 707, 709, 710, 711, 713, 714, 717, 718, 720, 721, 723, 731, 732, 733, 735, 745, 747, 748, 749, 750, 756, 762, 766, 767, 770, 772, 773, 776, 778, 781, 782, 784, 785, 786, 787, 788, 789, 790, 791, 794, 796, 797, 799, 801, 804, 805, 807, 808, 809, 814, 816, 817, 820, 821, 822, 823, 824, 825, 826, 828, 830, 831, 832, 833, 835, 836, 837, 838, 839, 844, 849, 851, 852, 853, 854, 855, 856, 857, 858, 860, 861, 862, 863, 864, 865, 866, 867, 868, 869, 870, 871, 872, 875, 877, 879, 882, 884, 885, 886, 887, 888, 889, 890, 891, 892, 893, 894, 895, 896, 897, 898, 899, 900, 901, 902, 903, 904, 905, 906, 907, 909, 910, 911, 912, 913, 914, 915, 916, 917, 918, 919, 920, 921, 922, 923, 924, 925, 926, 927, 928, 929, 930, 931, 932, 933, 934, 935, 936, 937, 938, 939, 940, 941, 942, 943, 944, 945, 946, 947, 948, 949, 950, 951, 952, 953, 954, 955, 956, 957, 958, 959, 960, 961, 962, 963, 964, 965, 966, 967, 968, 969, 970, 971, 972, 973, 974, 975, 976, 977, 978, 979]
13 (1)  [1, 2, 3, 4, 5, 6, 7, 8, 9, 10, 11, 12, 14, 15, 16, 17, 18, 19, 70, 90, 178, 180, 201, 224, 232, 243, 269, 309, 320, 321, 334, 342, 346, 352, 356, 389, 394, 433, 443, 449, 460, 468, 484, 497, 516, 520, 521, 538, 539, 540, 542, 547, 548, 557, 571, 580, 581, 587, 592, 613, 622, 623, 629, 633, 643, 644, 646, 647, 651, 671, 680, 682, 683, 693, 698, 700, 704, 705, 706, 712, 717, 719, 720, 722, 726, 727, 735, 737, 743, 744, 745, 753, 755, 759, 762, 763, 767, 768, 770, 771, 773, 774, 775, 777, 783, 784, 785, 788, 790, 791, 793, 794, 798, 799, 801, 802, 803, 804, 805, 807, 810, 812, 813, 814, 815, 817, 819, 820, 821, 823, 824, 825, 826, 828, 829, 831, 833, 834, 836, 838, 839, 841, 842, 844, 845, 846, 847, 848, 850, 851, 852, 856, 857, 858, 859, 861, 863, 864, 866, 867, 868, 869, 870, 871, 872, 873, 874, 875, 876, 877, 878, 879, 880, 883, 884, 886, 887, 888, 889, 890, 891, 892, 893, 894, 895, 896, 897, 898, 899, 901, 902, 903, 904, 905, 906, 907, 908, 909, 910, 911, 912, 913, 914, 915, 916, 917, 918, 919, 920, 921, 922, 923, 924, 925, 926, 927, 928, 929, 930, 931, 932, 933, 934, 935, 936, 937, 938, 939, 940, 941, 942, 943, 944, 945, 946, 947, 948, 949, 950, 951, 952, 953, 954, 955, 956, 957, 958, 959, 960, 961, 962, 963, 964, 965, 966, 967, 968, 969, 970, 971, 972, 973, 974, 975, 976, 977, 978, 979]
14 (1)  [1, 2, 3, 4, 5, 6, 7, 8, 9, 10, 11, 12, 13, 15, 16, 17, 18, 19, 23, 67, 105, 125, 132, 139, 144, 154, 169, 178, 219, 261, 265, 275, 289, 292, 305, 339, 350, 388, 398, 411, 413, 430, 434, 457, 461, 480, 484, 489, 511, 519, 525, 528, 532, 544, 545, 554, 556, 560, 562, 569, 585, 588, 597, 598, 608, 609, 625, 633, 647, 655, 656, 657, 662, 666, 670, 672, 677, 678, 683, 692, 693, 694, 701, 702, 706, 711, 713, 716, 719, 727, 728, 731, 734, 736, 740, 741, 743, 744, 745, 746, 750, 753, 755, 758, 759, 760, 761, 763, 764, 765, 767, 769, 778, 786, 792, 794, 795, 796, 797, 798, 799, 801, 802, 807, 808, 810, 811, 813, 815, 817, 818, 820, 822, 824, 825, 826, 828, 831, 833, 834, 836, 837, 841, 843, 844, 845, 846, 848, 849, 850, 851, 853, 855, 856, 857, 859, 860, 861, 862, 863, 865, 866, 867, 868, 870, 871, 872, 873, 874, 875, 876, 877, 878, 879, 880, 881, 882, 883, 884, 885, 886, 887, 888, 889, 890, 891, 892, 893, 894, 895, 896, 897, 898, 899, 900, 901, 902, 903, 904, 905, 906, 907, 908, 909, 910, 911, 912, 913, 914, 915, 916, 917, 918, 919, 920, 921, 922, 923, 924, 925, 926, 927, 928, 929, 930, 931, 932, 933, 934, 935, 936, 937, 938, 939, 940, 941, 942, 943, 944, 945, 946, 947, 948, 949, 950, 951, 952, 953, 954, 955, 956, 957, 958, 959, 960, 961, 962, 963, 964, 965, 966, 967, 968, 969, 970, 971, 972, 973, 974, 975, 976, 977, 978, 979]
15 (1)  [1, 2, 3, 4, 5, 6, 7, 8, 9, 10, 11, 12, 13, 14, 16, 17, 18, 19, 32, 33, 55, 88, 178, 197, 233, 244, 255, 268, 270, 281, 290, 291, 301, 312, 318, 357, 359, 363, 371, 382, 400, 406, 414, 429, 432, 437, 462, 473, 486, 489, 501, 522, 543, 544, 557, 560, 569, 571, 576, 582, 584, 589, 598, 602, 609, 610, 611, 612, 620, 621, 623, 628, 631, 640, 652, 656, 659, 665, 666, 672, 678, 680, 682, 683, 685, 686, 687, 688, 689, 690, 696, 697, 701, 703, 704, 705, 707, 714, 715, 716, 719, 722, 723, 724, 725, 727, 729, 730, 732, 735, 737, 738, 739, 741, 743, 748, 749, 750, 752, 755, 757, 758, 761, 762, 765, 766, 767, 768, 769, 779, 780, 781, 782, 783, 784, 786, 787, 788, 790, 793, 794, 795, 796, 798, 799, 800, 801, 804, 805, 806, 809, 810, 812, 814, 817, 818, 819, 820, 821, 822, 823, 827, 828, 832, 833, 834, 835, 836, 837, 838, 839, 840, 841, 842, 844, 845, 847, 848, 849, 850, 851, 852, 854, 856, 857, 858, 859, 860, 861, 862, 863, 864, 865, 866, 867, 868, 869, 870, 871, 872, 873, 874, 875, 876, 877, 878, 879, 881, 882, 883, 884, 885, 886, 887, 888, 889, 890, 891, 892, 893, 894, 895, 896, 897, 898, 899, 901, 902, 903, 904, 905, 906, 907, 908, 909, 910, 911, 912, 913, 914, 915, 916, 917, 918, 919, 920, 921, 922, 923, 924, 925, 926, 927, 928, 929, 930, 931, 932, 933, 934, 935, 936, 937, 938, 939, 940, 941, 942, 943, 944, 945, 946, 947, 948, 949, 950, 951, 952, 953, 954, 955, 956, 957, 958, 959, 960, 961, 962, 963, 964, 965, 966, 967, 968, 969, 970, 971, 972, 973, 974, 975, 976, 977, 978, 979]
16 (1)  [1, 2, 3, 4, 5, 6, 7, 8, 9, 10, 11, 12, 13, 14, 15, 17, 18, 19, 109, 131, 151, 178, 193, 198, 225, 251, 252, 266, 270, 289, 296, 297, 311, 316, 318, 335, 337, 342, 343, 344, 366, 367, 369, 375, 379, 385, 386, 404, 405, 407, 410, 413, 425, 427, 470, 478, 482, 486, 498, 504, 505, 516, 519, 523, 528, 529, 534, 542, 548, 549, 551, 567, 568, 570, 586, 587, 590, 599, 600, 609, 610, 614, 615, 618, 628, 634, 636, 638, 640, 643, 645, 647, 649, 650, 651, 657, 661, 663, 671, 677, 684, 696, 700, 703, 705, 708, 709, 714, 716, 718, 719, 723, 724, 725, 726, 728, 729, 730, 732, 733, 734, 735, 736, 738, 739, 740, 741, 742, 743, 746, 749, 752, 754, 757, 759, 760, 761, 762, 763, 764, 765, 770, 772, 773, 774, 775, 776, 778, 779, 780, 781, 782, 783, 785, 786, 787, 788, 789, 792, 793, 794, 795, 796, 797, 798, 800, 801, 807, 808, 809, 810, 812, 813, 814, 815, 816, 819, 820, 822, 823, 825, 826, 828, 829, 830, 832, 833, 835, 836, 838, 839, 840, 841, 842, 843, 844, 845, 846, 847, 848, 849, 850, 852, 853, 854, 855, 856, 858, 860, 861, 862, 863, 864, 865, 866, 867, 869, 870, 871, 873, 874, 875, 876, 878, 879, 880, 881, 882, 883, 884, 885, 886, 888, 889, 890, 891, 892, 893, 894, 895, 896, 897, 898, 899, 900, 901, 902, 903, 904, 905, 906, 907, 908, 909, 910, 911, 912, 913, 914, 915, 916, 917, 918, 919, 920, 921, 922, 923, 924, 925, 926, 927, 928, 929, 930, 931, 932, 933, 934, 935, 936, 937, 938, 939, 940, 941, 942, 943, 944, 945, 946, 947, 948, 949, 950, 951, 952, 953, 954, 955, 956, 957, 958, 959, 960, 961, 962, 963, 964, 965, 966, 967, 968, 969, 970, 971, 972, 973, 974, 975, 976, 977, 978, 979]
17 (1)  [1, 2, 3, 4, 5, 6, 7, 8, 9, 10, 11, 12, 13, 14, 15, 16, 18, 19, 35, 40, 45, 47, 52, 60, 79, 114, 136, 150, 173, 176, 178, 202, 207, 209, 215, 228, 231, 235, 237, 238, 240, 249, 253, 272, 297, 302, 304, 340, 354, 361, 364, 377, 380, 391, 393, 397, 401, 403, 409, 412, 413, 414, 420, 422, 424, 427, 433, 434, 436, 452, 455, 456, 457, 458, 459, 461, 463, 465, 468, 470, 475, 482, 485, 491, 497, 499, 502, 507, 513, 515, 517, 519, 522, 526, 528, 530, 531, 532, 536, 541, 542, 546, 549, 550, 553, 558, 563, 572, 576, 578, 579, 582, 583, 585, 586, 589, 590, 592, 593, 594, 600, 602, 603, 604, 606, 607, 610, 613, 617, 618, 624, 626, 629, 631, 635, 637, 638, 641, 642, 644, 645, 646, 648, 649, 650, 652, 653, 654, 657, 658, 659, 660, 661, 662, 663, 665, 666, 669, 674, 676, 679, 680, 681, 688, 689, 690, 691, 692, 694, 695, 696, 697, 698, 699, 702, 703, 704, 705, 707, 708, 709, 710, 712, 715, 717, 720, 721, 722, 723, 724, 725, 726, 727, 728, 729, 730, 731, 732, 736, 738, 740, 741, 742, 743, 744, 745, 747, 749, 752, 753, 754, 755, 757, 759, 761, 762, 763, 764, 766, 767, 768, 769, 770, 771, 772, 774, 775, 776, 777, 778, 779, 781, 782, 783, 784, 785, 786, 787, 790, 791, 792, 793, 794, 795, 796, 797, 798, 800, 801, 802, 803, 804, 805, 806, 807, 808, 810, 811, 812, 813, 814, 815, 816, 817, 819, 820, 821, 822, 823, 824, 827, 828, 829, 830, 831, 832, 833, 834, 835, 836, 838, 839, 840, 841, 843, 845, 847, 848, 849, 850, 851, 852, 853, 854, 855, 856, 857, 858, 859, 860, 861, 863, 864, 865, 867, 868, 869, 870, 871, 872, 873, 874, 875, 876, 877, 878, 879, 880, 881, 882, 883, 884, 885, 886, 887, 888, 889, 890, 891, 892, 893, 894, 895, 896, 897, 898, 899, 900, 901, 902, 903, 904, 905, 906, 907, 908, 909, 910, 911, 912, 913, 914, 915, 916, 917, 918, 919, 920, 921, 922, 923, 924, 925, 926, 927, 928, 929, 930, 931, 932, 933, 934, 935, 936, 937, 938, 939, 940, 941, 942, 943, 944, 945, 946, 947, 948, 949, 950, 951, 952, 953, 954, 955, 956, 957, 958, 959, 960, 961, 962, 963, 964, 965, 966, 967, 968, 969, 970, 971, 972, 973, 974, 975, 976, 977, 978, 979]
18 (1)  [1, 2, 3, 4, 5, 6, 7, 8, 9, 10, 11, 12, 13, 14, 15, 16, 17, 19, 30, 34, 36, 44, 48, 59, 69, 80, 89, 100, 101, 120, 122, 126, 127, 142, 145, 148, 149, 165, 167, 170, 174, 177, 178, 181, 184, 190, 194, 203, 206, 214, 216, 227, 234, 238, 242, 245, 248, 251, 255, 256, 257, 258, 263, 267, 268, 272, 274, 277, 279, 282, 284, 285, 287, 288, 293, 294, 295, 298, 299, 305, 307, 308, 309, 313, 314, 315, 317, 322, 323, 324, 325, 327, 328, 330, 333, 334, 343, 347, 348, 352, 357, 362, 366, 368, 370, 373, 374, 376, 377, 381, 385, 387, 395, 396, 397, 398, 402, 403, 406, 409, 411, 414, 415, 416, 417, 419, 421, 422, 423, 424, 426, 433, 436, 438, 440, 442, 443, 445, 447, 450, 454, 455, 460, 463, 464, 466, 467, 473, 474, 475, 476, 478, 479, 480, 483, 487, 491, 492, 496, 500, 505, 509, 510, 511, 512, 513, 516, 520, 521, 524, 525, 526, 527, 531, 533, 534, 535, 536, 538, 540, 541, 542, 543, 549, 550, 551, 552, 554, 555, 557, 558, 559, 560, 562, 563, 565, 566, 567, 569, 570, 571, 572, 577, 578, 579, 581, 583, 584, 585, 586, 588, 590, 591, 592, 594, 596, 597, 598, 599, 601, 602, 603, 604, 605, 606, 607, 608, 609, 610, 611, 613, 614, 615, 617, 619, 620, 621, 622, 624, 625, 626, 627, 628, 629, 630, 632, 633, 634, 636, 637, 641, 642, 643, 645, 646, 647, 648, 649, 650, 651, 652, 653, 654, 655, 656, 657, 658, 660, 663, 664, 665, 666, 667, 668, 670, 671, 672, 673, 675, 676, 677, 678, 679, 680, 681, 682, 683, 684, 685, 686, 687, 690, 692, 693, 694, 695, 696, 697, 698, 700, 701, 702, 704, 705, 706, 708, 709, 710, 711, 712, 713, 715, 717, 718, 719, 720, 721, 722, 723, 724, 725, 726, 727, 728, 729, 730, 731, 732, 733, 734, 735, 736, 738, 739, 740, 741, 742, 743, 744, 745, 746, 747, 748, 750, 751, 752, 753, 755, 756, 757, 758, 759, 760, 761, 762, 763, 764, 765, 766, 767, 768, 769, 770, 774, 776, 777, 778, 779, 780, 781, 782, 783, 784, 785, 786, 787, 789, 790, 791, 792, 793, 794, 795, 796, 797, 798, 799, 800, 801, 802, 803, 804, 805, 806, 807, 808, 809, 810, 811, 812, 813, 814, 815, 816, 817, 818, 819, 820, 821, 822, 823, 824, 825, 826, 827, 828, 829, 830, 831, 832, 833, 834, 835, 836, 837, 838, 839, 840, 841, 842, 843, 844, 845, 846, 847, 848, 849, 850, 851, 852, 853, 854, 855, 856, 857, 858, 859, 860, 861, 862, 863, 864, 865, 866, 867, 868, 869, 870, 871, 872, 873, 874, 875, 876, 877, 878, 879, 880, 881, 882, 883, 884, 885, 886, 887, 888, 889, 890, 891, 892, 893, 894, 895, 896, 897, 898, 899, 900, 901, 902, 903, 904, 905, 906, 907, 908, 909, 910, 911, 912, 913, 914, 915, 916, 917, 918, 919, 920, 921, 922, 923, 924, 925, 926, 927, 928, 929, 930, 931, 932, 933, 934, 935, 936, 937, 938, 939, 940, 941, 942, 943, 944, 945, 946, 947, 948, 949, 950, 951, 952, 953, 954, 955, 956, 957, 958, 959, 960, 961, 962, 963, 964, 965, 966, 967, 968, 969, 970, 971, 972, 973, 974, 975, 976, 977, 978, 979]
19 (1)  [1, 2, 3, 4, 5, 6, 7, 8, 9, 10, 11, 12, 13, 14, 15, 16, 17, 18, 20, 22, 24, 29, 43, 51, 54, 62, 63, 66, 75, 76, 77, 84, 86, 93, 94, 96, 97, 98, 99, 102, 104, 124, 134, 137, 152, 153, 160, 164, 175, 178, 185, 187, 191, 192, 196, 205, 211, 217, 220, 221, 230, 233, 239, 242, 246, 247, 249, 252, 254, 256, 259, 267, 269, 276, 283, 286, 287, 291, 293, 296, 298, 301, 303, 311, 315, 317, 321, 326, 327, 329, 336, 337, 339, 340, 344, 345, 347, 348, 349, 350, 351, 353, 358, 371, 375, 383, 386, 390, 393, 396, 399, 400, 401, 408, 409, 416, 417, 419, 420, 425, 427, 428, 429, 432, 436, 439, 440, 441, 446, 448, 454, 455, 458, 459, 460, 462, 465, 468, 469, 471, 474, 476, 478, 481, 487, 488, 490, 493, 494, 495, 498, 502, 504, 506, 508, 509, 511, 513, 514, 515, 517, 518, 521, 523, 524, 526, 527, 529, 530, 531, 533, 535, 536, 537, 538, 539, 540, 541, 549, 550, 551, 552, 553, 554, 555, 561, 562, 563, 564, 565, 566, 567, 568, 570, 572, 573, 574, 575, 576, 578, 579, 580, 581, 582, 583, 584, 586, 589, 590, 592, 593, 595, 598, 599, 600, 601, 603, 604, 605, 606, 607, 608, 609, 610, 611, 612, 613, 614, 616, 617, 621, 622, 623, 624, 625, 627, 628, 629, 630, 632, 633, 634, 635, 637, 639, 641, 642, 643, 644, 645, 646, 648, 650, 652, 653, 654, 655, 656, 657, 658, 660, 661, 662, 663, 664, 665, 666, 667, 668, 669, 670, 671, 672, 673, 674, 676, 677, 678, 679, 681, 682, 684, 685, 686, 687, 688, 689, 690, 691, 693, 695, 696, 697, 698, 699, 700, 702, 703, 704, 705, 706, 707, 708, 709, 710, 711, 713, 715, 717, 718, 719, 720, 721, 722, 723, 724, 725, 726, 727, 728, 729, 730, 731, 732, 733, 734, 735, 737, 738, 739, 740, 741, 742, 743, 744, 745, 747, 748, 749, 750, 751, 752, 753, 754, 755, 756, 757, 758, 759, 760, 761, 762, 763, 764, 765, 766, 767, 768, 769, 770, 771, 772, 773, 774, 775, 776, 777, 778, 779, 780, 781, 782, 783, 784, 785, 786, 787, 788, 789, 790, 791, 792, 793, 794, 796, 797, 798, 799, 800, 801, 802, 803, 804, 805, 806, 807, 808, 809, 810, 811, 812, 813, 814, 815, 816, 817, 818, 819, 820, 821, 822, 823, 824, 825, 826, 827, 828, 829, 830, 831, 832, 833, 834, 835, 836, 837, 838, 839, 840, 841, 842, 843, 844, 845, 846, 847, 848, 849, 850, 851, 852, 853, 854, 855, 856, 857, 858, 859, 860, 861, 862, 863, 864, 865, 866, 867, 868, 869, 870, 871, 872, 873, 874, 875, 876, 877, 878, 879, 880, 881, 882, 883, 884, 885, 886, 887, 888, 889, 890, 891, 892, 893, 894, 895, 896, 897, 898, 899, 900, 901, 902, 903, 904, 905, 906, 907, 908, 909, 910, 911, 912, 913, 914, 915, 916, 917, 918, 919, 920, 921, 922, 923, 924, 925, 926, 927, 928, 929, 930, 931, 932, 933, 934, 935, 936, 937, 938, 939, 940, 941, 942, 943, 944, 945, 946, 947, 948, 949, 950, 951, 952, 953, 954, 955, 956, 957, 958, 959, 960, 961, 962, 963, 964, 965, 966, 967, 968, 969, 970, 971, 972, 973, 974, 975, 976, 977, 978, 979]
20 (2)  [19]
21 (2)  [178]
22 (2)  [19]
23 (2)  [14]
24 (2)  [19]
25 (2)  [178]
26 (2)  [178]
27 (2)  [178]
28 (2)  [178]
29 (2)  [19]
30 (2)  [18]
31 (2)  [7]
32 (2)  [15]
33 (2)  [15]
34 (2)  [18]
35 (2)  [17]
36 (2)  [18]
37 (2)  [178]
38 (2)  [178]
39 (2)  [7]
40 (2)  [17]
41 (2)  [178]
42 (2)  [178]
43 (2)  [19]
44 (2)  [18]
45 (2)  [17]
46 (2)  [10]
47 (2)  [17]
48 (2)  [18]
49 (2)  [178]
50 (2)  [5]
51 (2)  [19]
52 (2)  [17]
53 (2)  [11]
54 (2)  [19]
55 (2)  [15]
56 (2)  [178]
57 (2)  [178]
58 (2)  [178]
59 (2)  [18]
60 (2)  [17]
61 (2)  [178]
62 (2)  [19]
63 (2)  [19]
64 (2)  [178]
65 (2)  [2]
66 (2)  [19]
67 (2)  [14]
68 (2)  [7]
69 (2)  [18]
70 (2)  [13]
71 (2)  [10]
72 (2)  [178]
73 (2)  [178]
74 (2)  [178]
75 (2)  [19]
76 (2)  [19]
77 (2)  [19]
78 (2)  [5]
79 (2)  [17]
80 (2)  [18]
81 (2)  [178]
82 (2)  [178]
83 (2)  [10]
84 (2)  [19]
85 (2)  [178]
86 (2)  [19]
87 (2)  [11]
88 (2)  [15]
89 (2)  [18]
90 (2)  [13]
91 (2)  [10]
92 (2)  [6]
93 (2)  [19]
94 (2)  [19]
95 (2)  [178]
96 (2)  [19]
97 (2)  [19]
98 (2)  [19]
99 (2)  [19]
100 (2)  [18]
101 (2)  [18]
102 (2)  [19]
103 (2)  [178]
104 (2)  [19]
105 (2)  [14]
106 (2)  [178]
107 (2)  [178]
108 (2)  [178]
109 (2)  [16]
110 (2)  [178]
111 (2)  [178]
112 (2)  [10]
113 (2)  [8]
114 (2)  [17]
115 (2)  [9]
116 (2)  [178]
117 (2)  [1]
118 (2)  [178]
119 (2)  [7]
120 (2)  [18]
121 (2)  [178]
122 (2)  [18]
123 (2)  [178]
124 (2)  [19]
125 (2)  [14]
126 (2)  [18]
127 (2)  [18]
128 (2)  [178]
129 (2)  [10]
130 (2)  [10]
131 (2)  [16]
132 (2)  [14]
133 (2)  [178]
134 (2)  [19]
135 (2)  [178]
136 (2)  [17]
137 (2)  [19]
138 (2)  [178]
139 (2)  [14]
140 (2)  [178]
141 (2)  [178]
142 (2)  [18]
143 (2)  [178]
144 (2)  [14]
145 (2)  [18]
146 (2)  [5]
147 (2)  [178]
148 (2)  [18]
149 (2)  [18]
150 (2)  [17]
151 (2)  [16]
152 (2)  [19]
153 (2)  [19]
154 (2)  [14]
155 (2)  [9]
156 (2)  [178]
157 (2)  [178]
158 (2)  [178]
159 (2)  [178]
160 (2)  [19]
161 (2)  [178]
162 (2)  [178]
163 (2)  [7]
164 (2)  [19]
165 (2)  [18]
166 (2)  [178]
167 (2)  [18]
168 (2)  [178]
169 (2)  [14]
170 (2)  [18]
171 (2)  [178]
172 (2)  [178]
173 (2)  [17]
174 (2)  [18]
175 (2)  [19]
176 (2)  [17]
177 (2)  [18]
178 (2)  [10]
179 (2)  [11]
180 (2)  [13]
181 (2)  [18]
182 (2)  [178]
183 (2)  [9]
184 (2)  [18]
185 (2)  [19]
186 (2)  [178]
187 (2)  [19]
188 (2)  [178]
189 (2)  [178]
190 (2)  [18]
191 (2)  [19]
192 (2)  [19]
193 (2)  [16]
194 (2)  [18]
195 (2)  [7]
196 (2)  [19]
197 (2)  [15]
198 (2)  [16]
199 (2)  [178]
200 (2)  [178]
201 (2)  [13]
202 (2)  [17]
203 (2)  [18]
204 (2)  [178]
205 (2)  [19]
206 (2)  [18]
207 (2)  [17]
208 (2)  [178]
209 (2)  [17]
210 (2)  [10]
211 (2)  [19]
212 (2)  [178]
213 (2)  [178]
214 (2)  [18]
215 (2)  [17]
216 (2)  [18]
217 (2)  [19]
218 (2)  [11]
219 (2)  [14]
220 (2)  [19]
221 (2)  [19]
222 (2)  [178]
223 (2)  [7, 178]
224 (2)  [13, 178]
225 (2)  [16, 178]
226 (2)  [9, 178]
227 (2)  [18, 178]
228 (3)  [17, 969]
229 (2)  [9, 178]
230 (3)  [19, 872]
231 (3)  [17, 971]
232 (2)  [8, 13]
233 (2)  [15, 19]
234 (2)  [18, 178]
235 (2)  [17, 178]
236 (2)  [11, 178]
237 (2)  [11, 17]
238 (2)  [17, 18]
239 (2)  [19, 178]
240 (2)  [17, 178]
241 (2)  [10, 178]
242 (2)  [18, 19]
243 (2)  [13, 178]
244 (2)  [15, 178]
245 (2)  [5, 18]
246 (3)  [19, 940]
247 (2)  [9, 19]
248 (2)  [10, 18]
249 (2)  [17, 19]
250 (2)  [12, 178]
251 (2)  [16, 18]
252 (2)  [16, 19]
253 (3)  [17, 978]
254 (2)  [11, 19]
255 (2)  [15, 18]
256 (2)  [18, 19]
257 (3)  [3, 18]
258 (2)  [18, 178]
259 (2)  [19, 178]
260 (2)  [6, 178]
261 (2)  [11, 14]
262 (2)  [11, 178]
263 (2)  [11, 18]
264 (3)  [178, 949]
265 (3)  [14, 966]
266 (2)  [16, 178]
267 (2)  [18, 19]
268 (2)  [15, 18]
269 (2)  [13, 19]
270 (2)  [15, 16]
271 (2)  [11, 178]
272 (2)  [17, 18]
273 (2)  [8, 178]
274 (2)  [18, 178]
275 (2)  [10, 14]
276 (2)  [19, 178]
277 (2)  [18, 178]
278 (2)  [12, 178]
279 (2)  [7, 18]
280 (3)  [178, 951]
281 (2)  [15, 178]
282 (3)  [18, 900]
283 (2)  [19, 178]
284 (2)  [10, 18]
285 (2)  [18, 178]
286 (2)  [12, 19]
287 (2)  [18, 19]
288 (3)  [18, 979]
289 (2)  [14, 16]
290 (2)  [15, 178]
291 (2)  [15, 19]
292 (2)  [14, 178]
293 (2)  [18, 19]
294 (2)  [18, 178]
295 (2)  [18, 178]
296 (2)  [16, 19]
297 (2)  [16, 17]
298 (2)  [18, 19]
299 (2)  [18, 178]
300 (2)  [9, 178]
301 (2)  [15, 19]
302 (2)  [17, 178]
303 (2)  [19, 178]
304 (2)  [17, 178]
305 (2)  [14, 18]
306 (2)  [7, 11]
307 (2)  [12, 18]
308 (3)  [18, 979]
309 (2)  [13, 18]
310 (2)  [7, 178]
311 (2)  [16, 19]
312 (2)  [7, 15]
313 (2)  [11, 18]
314 (2)  [18, 178]
315 (2)  [18, 19]
316 (3)  [16, 974]
317 (2)  [18, 19]
318 (2)  [15, 16]
319 (2)  [5, 178]
320 (2)  [13, 178]
321 (2)  [13, 19]
322 (2)  [7, 18]
323 (2)  [12, 18]
324 (2)  [11, 18]
325 (2)  [10, 18]
326 (3)  [19, 976]
327 (2)  [18, 19]
328 (3)  [18, 973]
329 (2)  [19, 178]
330 (2)  [18, 178]
331 (2)  [8, 178]
332 (3)  [178, 975]
333 (2)  [10, 18]
334 (2)  [13, 18]
335 (2)  [16, 178]
336 (2)  [19, 178]
337 (2)  [16, 19]
338 (2)  [10, 178]
339 (2)  [14, 19]
340 (2)  [17, 19]
341 (3)  [178, 972]
342 (2)  [13, 16]
343 (2)  [16, 18]
344 (2)  [16, 19]
345 (2)  [11, 19]
346 (2)  [13, 178]
347 (2)  [18, 19]
348 (2)  [18, 19]
349 (2)  [7, 19]
350 (2)  [14, 19]
351 (2)  [12, 19]
352 (2)  [13, 18]
353 (2)  [7, 19]
354 (3)  [17, 977]
355 (2)  [12, 178]
356 (2)  [6, 13]
357 (2)  [15, 18]
358 (2)  [19, 178]
359 (2)  [15, 178]
360 (3)  [178, 959]
361 (2)  [17, 178]
362 (2)  [18, 178]
363 (2)  [12, 15]
364 (3)  [17, 955]
365 (3)  [178, 979]
366 (2)  [16, 18]
367 (3)  [16, 889]
368 (2)  [18, 178]
369 (2)  [16, 178]
370 (2)  [12, 18]
371 (2)  [15, 19]
372 (3)  [12, 972]
373 (2)  [10, 18]
374 (2)  [18, 178]
375 (2)  [16, 19]
376 (2)  [18, 178]
377 (2)  [17, 18]
378 (2)  [9, 10]
379 (2)  [16, 178]
380 (2)  [17, 178]
381 (3)  [18, 955]
382 (3)  [15, 956]
383 (3)  [19, 977]
384 (2)  [11, 178]
385 (2)  [16, 18]
386 (2)  [16, 19]
387 (2)  [18, 178]
388 (3)  [4, 14]
389 (2)  [13, 178]
390 (3)  [3, 19]
391 (2)  [9, 17]
392 (2)  [12, 178]
393 (2)  [17, 19]
394 (3)  [13, 911]
395 (2)  [18, 178]
396 (2)  [18, 19]
397 (2)  [17, 18]
398 (2)  [14, 18, 178]
399 (2)  [7, 19, 178]
400 (2)  [15, 19, 178]
401 (2)  [17, 19, 178]
402 (2)  [10, 18, 178]
403 (2)  [17, 18, 178]
404 (2)  [10, 16, 178]
405 (3)  [4, 8, 16]
406 (2)  [8, 15, 18]
407 (2)  [12, 16, 178]
408 (3)  [19, 178, 682]
409 (2)  [17, 18, 19]
410 (2)  [11, 12, 16]
411 (3)  [3, 14, 18]
412 (3)  [3, 6, 17]
413 (2)  [14, 16, 17]
414 (2)  [15, 17, 18]
415 (2)  [11, 18, 178]
416 (3)  [18, 19, 976]
417 (3)  [18, 19, 978]
418 (3)  [8, 178, 944]
419 (2)  [18, 19, 178]
420 (2)  [17, 19, 178]
421 (3)  [11, 18, 968]
422 (2)  [17, 18, 178]
423 (2)  [12, 18, 178]
424 (2)  [17, 18, 178]
425 (2)  [16, 19, 178]
426 (2)  [8, 18, 178]
427 (2)  [16, 17, 19]
428 (3)  [9, 19, 965]
429 (2)  [15, 19, 178]
430 (2)  [5, 14, 178]
431 (2)  [7, 12, 178]
432 (2)  [15, 19, 178]
433 (2)  [13, 17, 18]
434 (2)  [2, 14, 17]
435 (3)  [8, 178, 700]
436 (2)  [17, 18, 19]
437 (3)  [6, 15, 969]
438 (3)  [8, 18, 953]
439 (2)  [10, 19, 178]
440 (2)  [9, 18, 19]
441 (2)  [5, 19, 178]
442 (2)  [7, 18, 178]
443 (2)  [13, 18, 178]
444 (2)  [6, 8, 11]
445 (2)  [10, 18, 178]
446 (3)  [19, 889, 927]
447 (3)  [3, 7, 18]
448 (2)  [9, 19, 178]
449 (2)  [11, 12, 13]
450 (3)  [18, 178, 771]
451 (3)  [7, 178, 809]
452 (2)  [8, 17, 178]
453 (3)  [1, 8, 938]
454 (2)  [18, 19, 178]
455 (2)  [17, 18, 19]
456 (3)  [17, 975, 976]
457 (2)  [10, 14, 17]
458 (2)  [17, 19, 178]
459 (2)  [12, 17, 19]
460 (2)  [13, 18, 19]
461 (2)  [14, 17, 178]
462 (2)  [15, 19, 178]
463 (2)  [17, 18, 178]
464 (3)  [9, 18, 946]
465 (2)  [17, 19, 178]
466 (3)  [18, 917, 976]
467 (2)  [12, 18, 178]
468 (2)  [13, 17, 19]
469 (2)  [8, 19, 178]
470 (2)  [7, 16, 17]
471 (2)  [6, 19, 178]
472 (3)  [9, 178, 973]
473 (2)  [15, 18, 178]
474 (2)  [18, 19, 178]
475 (2)  [11, 17, 18]
476 (2)  [18, 19, 178]
477 (2)  [7, 12, 178]
478 (2)  [16, 18, 19]
479 (2)  [6, 18, 178]
480 (2)  [14, 18, 178]
481 (2)  [9, 10, 19]
482 (2)  [16, 17, 178]
483 (3)  [18, 178, 936]
484 (2)  [13, 14, 178]
485 (2)  [9, 17, 178]
486 (2)  [7, 15, 16]
487 (2)  [8, 18, 19]
488 (3)  [9, 19, 975]
489 (2)  [10, 14, 15]
490 (2)  [6, 12, 19]
491 (2)  [11, 17, 18]
492 (2)  [8, 18, 178]
493 (2)  [10, 19, 178]
494 (2)  [5, 19, 178]
495 (3)  [4, 19, 178]
496 (2)  [10, 18, 178]
497 (2)  [9, 13, 17]
498 (2)  [16, 19, 178]
499 (3)  [2, 17, 973]
500 (2)  [8, 10, 18]
501 (2)  [9, 15, 178]
502 (2)  [17, 19, 178]
503 (3)  [11, 12, 964]
504 (3)  [16, 19, 835]
505 (2)  [16, 18, 178]
506 (3)  [19, 178, 970]
507 (2)  [9, 17, 178]
508 (3)  [19, 178, 892]
509 (2)  [12, 18, 19]
510 (2)  [9, 18, 178]
511 (2)  [14, 18, 19, 178]
512 (3)  [11, 18, 178, 947]
513 (2)  [9, 17, 18, 19]
514 (3)  [1, 7, 19, 976]
515 (3)  [17, 19, 178, 722]
516 (2)  [8, 13, 16, 18]
517 (2)  [9, 10, 17, 19]
518 (2)  [10, 12, 19, 178]
519 (2)  [7, 14, 16, 17]
520 (2)  [7, 13, 18, 178]
521 (2)  [9, 13, 18, 19]
522 (2)  [1, 15, 17, 178]
523 (3)  [10, 16, 19, 967]
524 (2)  [8, 9, 18, 19]
525 (2)  [12, 14, 18, 178]
526 (2)  [17, 18, 19, 178]
527 (2)  [11, 18, 19, 178]
528 (2)  [14, 16, 17, 178]
529 (3)  [3, 16, 19, 178]
530 (2)  [8, 17, 19, 178]
531 (2)  [17, 18, 19, 178]
532 (2)  [8, 14, 17, 178]
533 (2)  [10, 18, 19, 178]
534 (3)  [11, 16, 18, 945]
535 (3)  [18, 19, 178, 958]
536 (2)  [17, 18, 19, 178]
537 (3)  [8, 19, 178, 874]
538 (2)  [1, 13, 18, 19]
539 (2)  [11, 13, 19, 178]
540 (2)  [13, 18, 19, 178]
541 (2)  [17, 18, 19, 178]
542 (2)  [13, 16, 17, 18]
543 (3)  [15, 18, 178, 962]
544 (3)  [14, 15, 178, 646]
545 (2)  [8, 9, 14, 178]
546 (2)  [5, 8, 17, 178]
547 (3)  [11, 13, 963, 979]
548 (2)  [2, 13, 16, 178]
549 (2)  [16, 17, 18, 19]
550 (2)  [8, 17, 18, 19]
551 (2)  [12, 16, 18, 19]
552 (3)  [12, 18, 19, 887]
553 (2)  [10, 17, 19, 178]
554 (2)  [14, 18, 19, 178]
555 (3)  [4, 18, 19, 967]
556 (3)  [10, 14, 976, 977]
557 (2)  [12, 13, 15, 18]
558 (2)  [11, 12, 17, 18]
559 (3)  [8, 18, 178, 911]
560 (3)  [14, 15, 18, 973]
561 (2)  [1, 11, 19, 178]
562 (2)  [14, 18, 19, 178]
563 (2)  [12, 17, 18, 19]
564 (3)  [10, 19, 178, 934]
565 (2)  [10, 18, 19, 178]
566 (2)  [12, 18, 19, 178]
567 (2)  [16, 18, 19, 178]
568 (2)  [9, 16, 19, 178]
569 (2)  [8, 14, 15, 18]
570 (2)  [16, 18, 19, 178]
571 (2)  [10, 13, 15, 18]
572 (2)  [10, 17, 18, 19]
573 (3)  [3, 19, 906, 979]
574 (2)  [11, 12, 19, 178]
575 (2)  [2, 8, 19, 178]
576 (3)  [15, 17, 19, 977]
577 (3)  [18, 178, 939, 942]
578 (2)  [17, 18, 19, 178]
579 (3)  [17, 18, 19, 178, 963]
580 (3)  [12, 13, 19, 178, 971]
581 (2)  [9, 13, 18, 19, 178]
582 (2)  [11, 15, 17, 19, 178]
583 (3)  [17, 18, 19, 178, 974]
584 (2)  [10, 12, 15, 18, 19]
585 (2)  [7, 12, 14, 17, 18]
586 (2)  [8, 16, 17, 18, 19]
587 (2)  [10, 11, 13, 16, 178]
588 (3)  [4, 14, 18, 178, 965]
589 (2)  [10, 15, 17, 19, 178]
590 (2)  [16, 17, 18, 19, 178]
591 (2)  [2, 6, 12, 18, 178]
592 (2)  [13, 17, 18, 19, 178]
593 (3)  [9, 17, 19, 178, 966]
594 (3)  [12, 17, 18, 178, 933]
595 (3)  [11, 19, 178, 969, 975]
596 (3)  [18, 178, 817, 972, 979]
597 (2)  [6, 8, 14, 18, 178]
598 (2)  [14, 15, 18, 19, 178]
599 (2)  [11, 16, 18, 19, 178]
600 (2)  [6, 9, 16, 17, 19]
601 (2)  [10, 12, 18, 19, 178]
602 (2)  [1, 15, 17, 18, 178]
603 (2)  [11, 17, 18, 19, 178]
604 (3)  [10, 17, 18, 19, 970]
605 (3)  [4, 18, 19, 178, 977]
606 (2)  [8, 17, 18, 19, 178]
607 (2)  [11, 17, 18, 19, 178]
608 (2)  [8, 14, 18, 19, 178]
609 (2)  [14, 15, 16, 18, 19]
610 (2)  [15, 16, 17, 18, 19]
611 (3)  [9, 15, 18, 19, 965]
612 (3)  [9, 15, 19, 178, 894]
613 (2)  [13, 17, 18, 19, 178]
614 (2)  [5, 16, 18, 19, 178]
615 (3)  [12, 16, 18, 178, 942]
616 (2)  [5, 9, 12, 19, 178]
617 (3)  [17, 18, 19, 178, 954]
618 (2)  [9, 11, 16, 17, 178]
619 (3)  [5, 12, 18, 178, 959]
620 (2)  [7, 9, 12, 15, 18]
621 (3)  [15, 18, 19, 178, 976]
622 (2)  [9, 13, 18, 19, 178]
623 (2)  [10, 13, 15, 19, 178]
624 (2)  [6, 8, 17, 18, 19]
625 (2)  [11, 14, 18, 19, 178]
626 (2)  [9, 12, 17, 18, 178]
627 (2)  [8, 11, 18, 19, 178]
628 (3)  [15, 16, 18, 19, 979]
629 (2)  [13, 17, 18, 19, 178]
630 (3)  [3, 8, 18, 19, 178]
631 (2)  [6, 11, 15, 17, 178]
632 (2)  [6, 7, 18, 19, 178]
633 (2)  [13, 14, 18, 19, 178]
634 (2)  [10, 16, 18, 19, 178]
635 (3)  [17, 19, 913, 963, 971]
636 (3)  [12, 16, 18, 950, 960]
637 (3)  [3, 17, 18, 19, 178]
638 (2)  [9, 11, 16, 17, 178]
639 (3)  [2, 11, 19, 178, 966]
640 (2)  [5, 8, 15, 16, 178]
641 (3)  [17, 18, 19, 178, 972]
642 (2)  [9, 17, 18, 19, 178]
643 (3)  [8, 13, 16, 18, 19, 975]
644 (2)  [10, 12, 13, 17, 19, 178]
645 (2)  [1, 16, 17, 18, 19, 178]
646 (2)  [13, 17, 18, 19, 544, 962]
647 (3)  [4, 13, 14, 16, 18, 923]
648 (2)  [11, 12, 17, 18, 19, 178]
649 (3)  [4, 11, 16, 17, 18, 178]
650 (3)  [16, 17, 18, 19, 178, 977]
651 (2)  [10, 11, 13, 16, 18, 178]
652 (2)  [1, 15, 17, 18, 19, 178]
653 (3)  [5, 17, 18, 19, 178, 966]
654 (3)  [7, 12, 17, 18, 19, 742]
655 (2)  [6, 12, 14, 18, 19, 178]
656 (2)  [10, 14, 15, 18, 19, 178]
657 (2)  [14, 16, 17, 18, 19, 178]
658 (2)  [10, 12, 17, 18, 19, 178]
659 (3)  [8, 12, 15, 17, 178, 955]
660 (3)  [12, 17, 18, 19, 178, 971]
661 (3)  [16, 17, 19, 178, 940, 967]
662 (3)  [12, 14, 17, 19, 178, 895]
663 (2)  [10, 16, 17, 18, 19, 178]
664 (3)  [3, 8, 10, 18, 19, 178]
665 (2)  [11, 15, 17, 18, 19, 178]
666 (2)  [14, 15, 17, 18, 19, 178]
667 (3)  [4, 7, 11, 18, 19, 178]
668 (3)  [6, 9, 18, 19, 178, 870]
669 (3)  [6, 10, 17, 19, 178, 973]
670 (3)  [14, 18, 19, 178, 944, 972]
671 (2)  [9, 13, 16, 18, 19, 178]
672 (2)  [8, 11, 14, 15, 18, 19]
673 (3)  [7, 12, 18, 19, 874, 966]
674 (3)  [3, 8, 17, 19, 178, 929]
675 (3)  [8, 10, 12, 18, 178, 973]
676 (2)  [8, 9, 10, 17, 18, 19]
677 (3)  [11, 14, 16, 18, 19, 978]
678 (2)  [6, 14, 15, 18, 19, 178]
679 (2)  [7, 9, 12, 17, 18, 19, 178]
680 (3)  [3, 6, 13, 15, 17, 18, 979]
681 (3)  [1, 17, 18, 19, 178, 970, 974]
682 (2)  [12, 13, 15, 18, 19, 178, 408]
683 (3)  [8, 13, 14, 15, 18, 178, 962]
684 (3)  [7, 11, 16, 18, 19, 178, 977]
685 (3)  [9, 10, 15, 18, 19, 178, 965]
686 (2)  [6, 7, 10, 15, 18, 19, 178]
687 (2)  [8, 9, 11, 15, 18, 19, 178]
688 (3)  [9, 15, 17, 19, 178, 953, 972]
689 (3)  [11, 15, 17, 19, 178, 949, 978]
690 (3)  [9, 15, 17, 18, 19, 178, 975]
691 (3)  [6, 11, 17, 19, 178, 728, 973]
692 (2)  [7, 8, 9, 14, 17, 18, 178]
693 (3)  [13, 14, 18, 19, 178, 903, 925]
694 (3)  [4, 6, 8, 14, 17, 18, 178]
695 (3)  [8, 9, 17, 18, 19, 178, 917]
696 (2)  [7, 15, 16, 17, 18, 19, 178]
697 (3)  [5, 15, 17, 18, 19, 932, 971]
698 (2)  [2, 12, 13, 17, 18, 19, 178]
699 (3)  [7, 10, 11, 17, 19, 178, 966]
700 (2)  [5, 10, 13, 16, 18, 19, 435]
701 (3)  [10, 12, 14, 15, 18, 178, 959, 966]
702 (3)  [8, 11, 14, 17, 18, 19, 178, 967]
703 (3)  [15, 16, 17, 19, 178, 962, 965, 974]
704 (2)  [1, 9, 13, 15, 17, 18, 19, 178]
705 (2)  [12, 13, 15, 16, 17, 18, 19, 178]
706 (3)  [7, 13, 14, 18, 19, 178, 923, 975]
707 (2)  [7, 8, 10, 12, 15, 17, 19, 178]
708 (3)  [9, 16, 17, 18, 19, 178, 975, 978]
709 (3)  [7, 8, 12, 16, 17, 18, 19, 978]
710 (3)  [12, 17, 18, 19, 178, 970, 972, 975]
711 (3)  [6, 11, 12, 14, 18, 19, 178, 972]
712 (3)  [6, 9, 11, 13, 17, 18, 178, 973]
713 (3)  [9, 12, 14, 18, 19, 178, 931, 971]
714 (3)  [4, 7, 8, 12, 15, 16, 977, 979]
715 (3)  [8, 10, 15, 17, 18, 19, 178, 973]
716 (3)  [5, 7, 9, 14, 15, 16, 178, 959]
717 (2)  [6, 8, 12, 13, 17, 18, 19, 178]
718 (3)  [10, 11, 12, 16, 18, 19, 178, 935]
719 (2)  [9, 13, 14, 15, 16, 18, 19, 178]
720 (3)  [10, 12, 13, 17, 18, 19, 178, 974]
721 (3)  [3, 11, 12, 17, 18, 19, 178, 979]
722 (2)  [13, 15, 17, 18, 19, 178, 515, 979]
723 (2)  [7, 10, 12, 15, 16, 17, 18, 19]
724 (3)  [9, 15, 16, 17, 18, 19, 178, 960]
725 (3)  [7, 15, 16, 17, 18, 19, 178, 976]
726 (2)  [8, 9, 13, 16, 17, 18, 19, 178]
727 (2)  [7, 13, 14, 15, 17, 18, 19, 178]
728 (2)  [1, 10, 14, 16, 17, 18, 19, 691]
729 (2)  [9, 11, 15, 16, 17, 18, 19, 178]
730 (2)  [9, 10, 15, 16, 17, 18, 19, 178]
731 (3)  [9, 10, 12, 14, 17, 18, 19, 178, 975]
732 (3)  [9, 12, 15, 16, 17, 18, 19, 178, 941]
733 (3)  [4, 11, 12, 16, 18, 19, 178, 918, 969]
734 (3)  [6, 10, 14, 16, 18, 19, 178, 972, 979]
735 (2)  [1, 7, 12, 13, 15, 16, 18, 19, 178]
736 (3)  [6, 9, 14, 16, 17, 18, 178, 945, 961]
737 (3)  [8, 10, 11, 13, 15, 19, 178, 930, 976]
738 (3)  [9, 10, 15, 16, 17, 18, 19, 178, 963]
739 (3)  [8, 9, 15, 16, 18, 19, 178, 964, 972]
740 (3)  [11, 14, 16, 17, 18, 19, 178, 951, 966]
741 (2)  [7, 10, 14, 15, 16, 17, 18, 19, 178]
742 (2)  [6, 16, 17, 18, 19, 178, 654, 748, 975]
743 (2)  [10, 13, 14, 15, 16, 17, 18, 19, 178]
744 (3)  [3, 10, 11, 13, 14, 17, 18, 19, 178]
745 (3)  [9, 12, 13, 14, 17, 18, 19, 178, 979]
746 (3)  [7, 8, 9, 10, 14, 16, 18, 178, 979]
747 (3)  [7, 11, 12, 17, 18, 19, 178, 915, 958]
748 (3)  [9, 11, 12, 15, 18, 19, 178, 742, 945]
749 (3)  [6, 11, 12, 15, 16, 17, 19, 178, 974]
750 (3)  [7, 11, 12, 14, 15, 18, 19, 178, 977]
751 (3)  [2, 5, 11, 18, 19, 178, 927, 978, 979]
752 (3)  [7, 8, 15, 16, 17, 18, 19, 178, 971]
753 (3)  [4, 8, 13, 14, 17, 18, 19, 178, 799]
754 (3)  [3, 6, 9, 11, 16, 17, 19, 178, 927]
755 (3)  [9, 13, 14, 15, 17, 18, 19, 178, 955]
756 (3)  [7, 9, 10, 12, 18, 19, 178, 955, 979]
757 (3)  [2, 9, 15, 16, 17, 18, 19, 178, 937, 975]
758 (3)  [4, 8, 11, 14, 15, 18, 19, 178, 951, 978]
759 (3)  [4, 8, 11, 13, 14, 16, 17, 18, 19, 178]
760 (3)  [9, 14, 16, 18, 19, 178, 913, 962, 964, 972]
761 (3)  [2, 11, 14, 15, 16, 17, 18, 19, 178, 938]
762 (3)  [7, 12, 13, 15, 16, 17, 18, 19, 178, 977]
763 (3)  [8, 13, 14, 16, 17, 18, 19, 178, 852, 957]
764 (3)  [9, 11, 14, 16, 17, 18, 19, 178, 922, 942]
765 (3)  [1, 8, 14, 15, 16, 18, 19, 178, 897, 974]
766 (3)  [10, 11, 12, 15, 17, 18, 19, 178, 962, 964]
767 (3)  [6, 12, 13, 14, 15, 17, 18, 19, 178, 971]
768 (3)  [8, 13, 15, 17, 18, 19, 178, 910, 934, 971]
769 (3)  [6, 11, 14, 15, 17, 18, 19, 178, 916, 958]
770 (3)  [11, 12, 13, 16, 17, 18, 19, 178, 975, 979]
771 (2)  [2, 3, 13, 17, 19, 178, 450, 934, 956, 972]
772 (3)  [2, 8, 10, 12, 16, 17, 19, 178, 928, 974]
773 (3)  [3, 5, 9, 10, 12, 13, 16, 19, 178, 978]
774 (3)  [9, 10, 13, 16, 17, 18, 19, 178, 906, 951]
775 (2)  [1, 2, 7, 10, 11, 13, 16, 17, 19, 178]
776 (3)  [4, 8, 12, 16, 17, 18, 19, 178, 947, 969]
777 (3)  [3, 6, 11, 13, 17, 18, 19, 178, 964, 968, 970]
778 (3)  [1, 11, 12, 14, 16, 17, 18, 19, 178, 966, 967]
779 (3)  [6, 8, 10, 15, 16, 17, 18, 19, 178, 862, 974]
780 (3)  [2, 4, 5, 10, 15, 16, 18, 19, 178, 889, 978]
781 (2)  [7, 8, 9, 10, 12, 15, 16, 17, 18, 19, 178]
782 (3)  [9, 12, 15, 16, 17, 18, 19, 178, 877, 932, 948]
783 (3)  [9, 10, 13, 15, 16, 17, 18, 19, 178, 957, 960]
784 (3)  [4, 7, 11, 12, 13, 15, 17, 18, 19, 178, 978]
785 (3)  [6, 7, 9, 12, 13, 16, 17, 18, 19, 178, 923]
786 (3)  [2, 12, 14, 15, 16, 17, 18, 19, 178, 850, 972]
787 (3)  [8, 10, 12, 15, 16, 17, 18, 19, 178, 880, 938]
788 (3)  [3, 7, 9, 12, 13, 15, 16, 19, 178, 821, 856]
789 (3)  [11, 12, 16, 18, 19, 178, 960, 961, 965, 977, 978]
790 (3)  [1, 2, 7, 12, 13, 15, 17, 18, 19, 178, 971]
791 (3)  [1, 8, 10, 12, 13, 17, 18, 19, 178, 907, 933]
792 (3)  [7, 8, 14, 16, 17, 18, 19, 178, 952, 972, 973]
793 (3)  [6, 13, 15, 16, 17, 18, 19, 178, 840, 871, 958, 968]
794 (3)  [9, 12, 13, 14, 15, 16, 17, 18, 19, 178, 908, 944]
795 (3)  [2, 3, 4, 10, 11, 14, 15, 16, 17, 18, 178, 968]
796 (2)  [5, 6, 7, 10, 12, 14, 15, 16, 17, 18, 19, 178]
797 (3)  [4, 5, 6, 10, 11, 12, 14, 16, 17, 18, 19, 178]
798 (3)  [7, 8, 10, 13, 14, 15, 16, 17, 18, 19, 178, 976]
799 (3)  [7, 10, 12, 13, 14, 15, 18, 19, 178, 753, 928, 956]
800 (3)  [9, 10, 11, 15, 16, 17, 18, 19, 178, 932, 966, 978]
801 (3)  [1, 11, 12, 13, 14, 15, 16, 17, 18, 19, 178, 969]
802 (3)  [7, 9, 10, 11, 13, 14, 17, 18, 19, 178, 965, 976]
803 (3)  [5, 7, 9, 11, 13, 17, 18, 19, 178, 868, 937, 969]
804 (3)  [3, 5, 7, 8, 12, 13, 15, 17, 18, 19, 178, 843]
805 (3)  [3, 7, 10, 12, 13, 15, 17, 18, 19, 178, 976, 979]
806 (3)  [6, 7, 8, 9, 10, 11, 15, 17, 18, 19, 178, 977]
807 (3)  [5, 7, 11, 12, 13, 14, 16, 17, 18, 19, 178, 967, 977]
808 (3)  [1, 7, 8, 10, 12, 14, 16, 17, 18, 19, 178, 964, 966]
809 (2)  [6, 8, 10, 11, 12, 15, 16, 18, 19, 178, 451, 934, 991]
810 (2)  [1, 5, 7, 10, 11, 13, 14, 15, 16, 17, 18, 19, 178]
811 (3)  [1, 8, 9, 11, 14, 17, 18, 19, 178, 935, 963, 972, 974]
812 (3)  [3, 7, 8, 11, 13, 15, 16, 17, 18, 19, 178, 933, 959]
813 (3)  [2, 7, 10, 11, 13, 14, 16, 17, 18, 19, 178, 945, 978]
814 (3)  [5, 8, 10, 12, 13, 15, 16, 17, 18, 19, 178, 968, 969]
815 (3)  [6, 10, 13, 14, 16, 17, 18, 19, 178, 912, 925, 956, 975]
816 (3)  [1, 5, 7, 11, 12, 16, 17, 18, 19, 178, 970, 971, 974]
817 (3)  [4, 8, 9, 10, 12, 13, 14, 15, 17, 18, 19, 178, 596]
818 (3)  [5, 7, 11, 14, 15, 18, 19, 178, 898, 910, 951, 956, 962]
819 (3)  [1, 2, 8, 9, 11, 13, 15, 16, 17, 18, 19, 178, 934, 973]
820 (3)  [4, 5, 9, 10, 12, 13, 14, 15, 16, 17, 18, 19, 178, 978]
821 (3)  [6, 8, 9, 11, 12, 13, 15, 17, 18, 19, 178, 788, 896, 916]
822 (3)  [1, 2, 5, 7, 10, 12, 14, 15, 16, 17, 18, 19, 178, 944]
823 (3)  [5, 7, 9, 10, 12, 13, 15, 16, 17, 18, 19, 178, 944, 959]
824 (3)  [6, 7, 9, 10, 12, 13, 14, 17, 18, 19, 178, 917, 966, 978]
825 (3)  [3, 5, 6, 11, 12, 13, 14, 16, 18, 19, 178, 846, 921, 964]
826 (3)  [3, 6, 7, 8, 10, 11, 12, 13, 14, 16, 18, 19, 178, 964]
827 (3)  [5, 6, 9, 10, 15, 17, 18, 19, 178, 831, 942, 960, 977, 979]
828 (3)  [7, 9, 10, 11, 12, 13, 14, 15, 16, 17, 18, 19, 178, 961]
829 (3)  [6, 8, 9, 11, 13, 16, 17, 18, 19, 178, 922, 961, 974, 975]
830 (3)  [3, 5, 8, 11, 12, 16, 17, 18, 19, 178, 943, 962, 970, 975]
831 (3)  [8, 9, 10, 12, 13, 14, 17, 18, 19, 178, 827, 960, 974, 975]
832 (3)  [4, 6, 10, 12, 15, 16, 17, 18, 19, 178, 949, 952, 963, 978]
833 (3)  [3, 7, 10, 11, 12, 13, 14, 15, 16, 17, 18, 19, 178, 947]
834 (3)  [1, 3, 5, 8, 9, 11, 13, 14, 15, 17, 18, 19, 178, 959]
835 (2)  [1, 3, 6, 7, 10, 12, 15, 16, 17, 18, 19, 178, 504, 960]
836 (3)  [2, 7, 12, 13, 14, 15, 16, 17, 18, 19, 178, 861, 967, 971, 979]
837 (3)  [4, 6, 7, 8, 9, 10, 11, 12, 14, 15, 18, 19, 178, 943, 951]
838 (3)  [2, 7, 10, 11, 12, 13, 15, 16, 17, 18, 19, 178, 870, 962, 969]
839 (2)  [1, 2, 7, 8, 9, 10, 11, 12, 13, 15, 16, 17, 18, 19, 178]
840 (3)  [4, 6, 7, 9, 10, 15, 16, 17, 18, 19, 178, 793, 928, 960, 964]
841 (3)  [2, 8, 9, 11, 13, 14, 15, 16, 17, 18, 19, 178, 942, 975, 978]
842 (3)  [2, 5, 7, 11, 13, 15, 16, 18, 19, 178, 947, 952, 965, 971, 978]
843 (3)  [2, 4, 5, 7, 8, 9, 14, 16, 17, 18, 19, 178, 804, 896, 941]
844 (3)  [7, 9, 11, 12, 13, 14, 15, 16, 18, 19, 178, 916, 920, 969, 970]
845 (3)  [2, 4, 9, 10, 11, 13, 14, 15, 16, 17, 18, 19, 178, 958, 973]
846 (3)  [6, 9, 10, 11, 13, 14, 16, 18, 19, 178, 825, 903, 931, 969, 971]
847 (3)  [1, 4, 6, 8, 9, 11, 13, 15, 16, 17, 18, 19, 178, 969, 977]
848 (3)  [3, 4, 8, 9, 10, 11, 13, 14, 15, 16, 17, 18, 19, 178, 966]
849 (3)  [6, 8, 10, 11, 12, 14, 15, 16, 17, 18, 19, 178, 867, 960, 973, 975]
850 (2)  [8, 9, 10, 11, 13, 14, 15, 16, 17, 18, 19, 178, 786, 967, 972, 986]
851 (3)  [3, 4, 6, 7, 9, 11, 12, 13, 14, 15, 17, 18, 19, 178, 937, 975]
852 (3)  [1, 5, 8, 10, 12, 13, 15, 16, 17, 18, 19, 178, 763, 923, 946, 969]
853 (3)  [3, 5, 6, 7, 8, 10, 11, 12, 14, 16, 17, 18, 19, 178, 967, 976]
854 (3)  [5, 8, 9, 11, 12, 15, 16, 17, 18, 19, 178, 906, 969, 973, 974, 976]
855 (3)  [1, 5, 6, 7, 8, 10, 12, 14, 16, 17, 18, 19, 178, 964, 972, 976]
856 (3)  [3, 5, 11, 12, 13, 14, 15, 16, 17, 18, 19, 178, 788, 933, 973, 976]
857 (3)  [3, 6, 8, 10, 11, 12, 13, 14, 15, 17, 18, 19, 178, 932, 955, 974]
858 (3)  [4, 7, 8, 9, 10, 11, 12, 13, 15, 16, 17, 18, 19, 178, 912, 952, 953]
859 (3)  [3, 4, 7, 8, 9, 11, 13, 14, 15, 17, 18, 19, 178, 965, 968, 978, 979]
860 (3)  [7, 8, 9, 10, 11, 12, 14, 15, 16, 17, 18, 19, 178, 891, 959, 967, 978]
861 (3)  [3, 6, 9, 10, 11, 12, 13, 14, 15, 16, 17, 18, 19, 178, 836, 911, 936, 961]
862 (3)  [2, 5, 6, 8, 9, 10, 11, 12, 14, 15, 16, 18, 19, 178, 779, 962, 964, 965]
863 (3)  [5, 8, 9, 10, 12, 13, 14, 15, 16, 17, 18, 19, 178, 944, 950, 955, 963, 969]
864 (3)  [6, 7, 8, 10, 11, 12, 13, 15, 16, 17, 18, 19, 178, 892, 920, 939, 953, 961]
865 (3)  [5, 6, 7, 8, 9, 11, 12, 14, 15, 16, 17, 18, 19, 178, 952, 969, 976, 979]
866 (3)  [2, 3, 7, 8, 9, 10, 11, 12, 13, 14, 15, 16, 18, 19, 178, 968, 970, 976]
867 (3)  [3, 6, 7, 8, 9, 10, 11, 12, 13, 14, 15, 16, 17, 18, 19, 178, 849, 919, 977]
868 (3)  [1, 4, 7, 8, 9, 10, 11, 12, 13, 14, 15, 17, 18, 19, 178, 803, 891, 939, 967]
869 (3)  [2, 4, 5, 6, 7, 8, 9, 11, 12, 13, 15, 16, 17, 18, 19, 178, 954, 957, 972]
870 (2)  [8, 9, 11, 12, 13, 14, 15, 16, 17, 18, 19, 178, 668, 838, 939, 957, 958, 962, 976]
871 (3)  [2, 7, 8, 9, 12, 13, 14, 15, 16, 17, 18, 19, 178, 793, 895, 913, 940, 971, 979]
872 (2)  [5, 6, 7, 8, 9, 10, 11, 12, 13, 14, 15, 17, 18, 19, 178, 230, 927, 959, 978]
873 (3)  [7, 8, 10, 11, 13, 14, 15, 16, 17, 18, 19, 178, 954, 957, 958, 966, 971, 972, 976]
874 (2)  [6, 7, 8, 9, 10, 11, 13, 14, 15, 16, 17, 18, 19, 178, 537, 673, 946, 948, 969]
875 (3)  [2, 8, 9, 10, 11, 12, 13, 14, 15, 16, 17, 18, 19, 178, 926, 936, 958, 966, 979]
876 (3)  [5, 6, 7, 9, 10, 11, 13, 14, 15, 16, 17, 18, 19, 178, 928, 961, 970, 971, 972]
877 (3)  [1, 4, 5, 6, 7, 8, 9, 12, 13, 14, 15, 17, 18, 19, 178, 782, 933, 965, 970, 975]
878 (2)  [2, 3, 4, 7, 8, 10, 11, 13, 14, 15, 16, 17, 18, 19, 178, 955, 959, 972, 973, 982]
879 (3)  [4, 5, 7, 9, 11, 12, 13, 14, 15, 16, 17, 18, 19, 178, 882, 888, 931, 946, 958, 976]
880 (2)  [4, 6, 7, 9, 10, 11, 13, 14, 16, 17, 18, 19, 178, 787, 965, 970, 971, 972, 976, 980]
881 (3)  [3, 6, 7, 8, 10, 11, 14, 15, 16, 17, 18, 19, 178, 935, 948, 954, 974, 975, 976, 977]
882 (3)  [6, 7, 8, 11, 12, 14, 15, 16, 17, 18, 19, 178, 879, 893, 922, 950, 952, 954, 974, 976, 977]
883 (3)  [1, 2, 6, 7, 8, 9, 10, 11, 13, 14, 15, 16, 17, 18, 19, 178, 957, 962, 968, 970, 978]
884 (3)  [1, 2, 3, 5, 7, 8, 9, 10, 11, 12, 13, 14, 15, 16, 17, 18, 19, 178, 950, 974, 977]
885 (3)  [3, 5, 6, 7, 8, 10, 11, 12, 14, 15, 16, 17, 18, 19, 178, 890, 933, 947, 951, 968, 976]
886 (3)  [4, 5, 6, 7, 8, 9, 10, 11, 12, 13, 14, 15, 16, 17, 18, 19, 178, 928, 950, 961, 970, 976]
887 (2)  [4, 5, 6, 7, 8, 11, 12, 13, 14, 15, 17, 18, 19, 178, 552, 951, 953, 954, 962, 976, 977, 979]
888 (3)  [5, 6, 7, 8, 9, 11, 12, 13, 14, 15, 16, 17, 18, 19, 178, 879, 892, 965, 972, 975, 977, 979]
889 (2)  [3, 4, 5, 7, 8, 10, 11, 12, 13, 14, 15, 16, 17, 18, 19, 178, 367, 446, 780, 968, 974, 979]
890 (3)  [1, 4, 5, 7, 8, 10, 11, 12, 13, 14, 15, 16, 17, 18, 19, 178, 885, 943, 952, 960, 973, 977, 979]
891 (3)  [2, 3, 4, 7, 9, 10, 12, 13, 14, 15, 16, 17, 18, 19, 178, 860, 868, 923, 965, 966, 967, 974, 977]
892 (2)  [6, 7, 8, 9, 11, 12, 13, 14, 15, 16, 17, 18, 19, 178, 508, 864, 888, 943, 954, 957, 967, 973, 978]
893 (3)  [4, 6, 7, 10, 11, 12, 13, 14, 15, 16, 17, 18, 19, 178, 882, 915, 929, 939, 957, 961, 970, 971, 977]
894 (2)  [2, 3, 6, 8, 9, 10, 11, 12, 13, 14, 15, 16, 17, 18, 19, 178, 612, 946, 969, 971, 972, 974, 977]
895 (2)  [2, 5, 7, 8, 9, 10, 11, 12, 13, 14, 15, 16, 17, 18, 19, 178, 662, 871, 919, 926, 936, 971, 977]
896 (3)  [3, 5, 7, 9, 10, 11, 12, 13, 14, 15, 16, 17, 18, 19, 178, 821, 843, 900, 921, 941, 952, 961, 962, 979]
897 (3)  [4, 5, 7, 8, 9, 10, 11, 12, 13, 14, 15, 16, 17, 18, 19, 178, 765, 931, 940, 957, 965, 966, 973, 978]
898 (3)  [2, 4, 5, 6, 7, 8, 9, 10, 11, 12, 13, 14, 15, 16, 17, 18, 19, 178, 818, 966, 970, 972, 978, 979]
899 (3)  [2, 3, 4, 6, 7, 8, 9, 10, 11, 12, 13, 14, 15, 16, 17, 18, 19, 178, 911, 923, 953, 974, 977, 978]
900 (2)  [1, 2, 3, 6, 7, 8, 9, 10, 11, 12, 14, 16, 17, 18, 19, 178, 282, 896, 957, 958, 968, 970, 971, 978]
901 (3)  [3, 4, 5, 7, 9, 10, 11, 12, 13, 14, 15, 16, 17, 18, 19, 178, 916, 932, 952, 973, 974, 975, 976, 979]
902 (3)  [3, 4, 7, 8, 9, 10, 11, 12, 13, 14, 15, 16, 17, 18, 19, 178, 904, 934, 958, 960, 963, 969, 971, 973, 979]
903 (3)  [1, 3, 4, 5, 7, 8, 9, 10, 11, 12, 13, 14, 15, 16, 17, 18, 19, 178, 693, 846, 908, 949, 953, 960, 966, 969]
904 (3)  [1, 5, 6, 7, 8, 9, 10, 11, 12, 13, 14, 15, 16, 17, 18, 19, 178, 902, 922, 925, 928, 940, 955, 971, 976, 977]
905 (3)  [1, 2, 4, 5, 6, 7, 8, 9, 10, 11, 12, 13, 14, 15, 16, 17, 18, 19, 178, 947, 955, 956, 965, 967, 969, 978]
906 (3)  [1, 5, 6, 7, 8, 9, 10, 11, 12, 13, 14, 15, 16, 17, 18, 19, 178, 573, 774, 854, 946, 960, 962, 964, 974, 977]
907 (3)  [1, 2, 4, 5, 6, 7, 8, 9, 10, 11, 12, 13, 14, 15, 16, 17, 18, 19, 178, 791, 921, 926, 949, 955, 960, 967, 970]
908 (3)  [2, 3, 5, 6, 7, 8, 9, 10, 11, 13, 14, 15, 16, 17, 18, 19, 178, 794, 903, 913, 918, 932, 958, 960, 965, 972, 974]
909 (3)  [3, 5, 7, 8, 9, 10, 11, 12, 13, 14, 15, 16, 17, 18, 19, 178, 918, 937, 941, 957, 958, 964, 969, 971, 973, 975, 976]
910 (3)  [1, 2, 3, 5, 6, 7, 8, 9, 10, 11, 12, 13, 14, 15, 16, 17, 18, 19, 178, 768, 818, 916, 928, 942, 972, 975, 978]
911 (2)  [2, 3, 4, 7, 8, 9, 10, 11, 12, 13, 14, 15, 16, 17, 18, 19, 178, 394, 559, 861, 899, 915, 948, 961, 967, 972, 973, 977]
912 (3)  [1, 2, 6, 7, 8, 9, 10, 11, 12, 13, 14, 15, 16, 17, 18, 19, 178, 815, 858, 941, 945, 949, 968, 969, 971, 973, 975, 978]
913 (3)  [3, 5, 6, 7, 8, 9, 10, 11, 12, 13, 14, 15, 16, 17, 18, 19, 178, 635, 760, 871, 908, 960, 961, 964, 970, 973, 977, 979]
914 (3)  [1, 4, 5, 6, 7, 8, 9, 10, 11, 12, 13, 14, 15, 16, 17, 18, 19, 178, 920, 929, 937, 939, 946, 956, 957, 966, 967, 979]
915 (3)  [4, 5, 7, 8, 9, 10, 11, 12, 13, 14, 15, 16, 17, 18, 19, 178, 747, 893, 911, 948, 950, 951, 952, 958, 959, 964, 970, 978]
916 (2)  [4, 5, 7, 9, 10, 11, 12, 13, 14, 15, 16, 17, 18, 19, 178, 769, 821, 844, 901, 910, 938, 939, 952, 962, 964, 970, 974, 976]
917 (2)  [1, 2, 4, 5, 6, 7, 8, 9, 10, 11, 12, 13, 14, 15, 16, 17, 18, 19, 178, 466, 695, 824, 952, 962, 963, 971, 972, 978, 979]
918 (3)  [5, 6, 7, 8, 9, 10, 11, 12, 13, 14, 15, 16, 17, 18, 19, 178, 733, 908, 909, 957, 959, 963, 967, 968, 973, 976, 977, 978, 979]
919 (3)  [2, 5, 6, 7, 8, 9, 10, 11, 12, 13, 14, 15, 16, 17, 18, 19, 178, 867, 895, 926, 938, 947, 951, 957, 963, 968, 969, 972, 974, 975]
920 (3)  [2, 7, 8, 9, 10, 11, 12, 13, 14, 15, 16, 17, 18, 19, 178, 844, 864, 914, 927, 930, 935, 943, 955, 957, 962, 963, 964, 975, 976, 978]
921 (3)  [4, 5, 6, 7, 8, 9, 10, 11, 12, 13, 14, 15, 16, 17, 18, 19, 178, 825, 896, 907, 922, 924, 945, 946, 947, 953, 954, 959, 968, 976]
922 (3)  [1, 5, 6, 7, 8, 9, 10, 11, 12, 13, 14, 15, 16, 17, 18, 19, 178, 764, 829, 882, 904, 921, 946, 959, 968, 969, 970, 971, 975, 976]
923 (2)  [2, 3, 6, 7, 8, 9, 10, 11, 12, 13, 14, 15, 16, 17, 18, 19, 178, 647, 706, 785, 852, 891, 899, 933, 955, 963, 969, 970, 977, 978]
924 (3)  [1, 2, 4, 6, 7, 8, 9, 10, 11, 12, 13, 14, 15, 16, 17, 18, 19, 178, 921, 935, 938, 943, 946, 962, 963, 967, 968, 970, 975, 977, 979]
925 (2)  [1, 3, 4, 5, 6, 7, 8, 9, 10, 11, 12, 13, 14, 15, 16, 17, 18, 19, 178, 693, 815, 904, 949, 954, 956, 962, 963, 966, 974, 977, 978]
926 (3)  [3, 6, 7, 8, 9, 10, 11, 12, 13, 14, 15, 16, 17, 18, 19, 178, 875, 895, 907, 919, 942, 961, 962, 963, 964, 970, 972, 977, 978, 979, 999]
927 (3)  [1, 2, 3, 4, 5, 6, 7, 8, 9, 10, 11, 12, 13, 14, 15, 16, 17, 18, 19, 178, 446, 751, 754, 872, 920, 934, 940, 943, 969, 975, 977, 978]
928 (2)  [2, 4, 6, 7, 8, 9, 10, 11, 12, 13, 14, 15, 16, 17, 18, 19, 178, 772, 799, 840, 876, 886, 904, 910, 935, 967, 968, 974, 976, 979, 983, 985]
929 (3)  [3, 5, 6, 7, 8, 9, 10, 11, 12, 13, 14, 15, 16, 17, 18, 19, 178, 674, 893, 914, 938, 945, 950, 952, 953, 954, 960, 971, 973, 976, 977, 978, 979]
930 (2)  [2, 3, 4, 5, 6, 7, 8, 9, 10, 11, 12, 13, 14, 15, 16, 17, 18, 19, 178, 737, 920, 931, 944, 945, 946, 955, 958, 964, 970, 971, 972, 978, 979, 998]
931 (3)  [3, 4, 5, 6, 7, 8, 9, 10, 11, 12, 13, 14, 15, 16, 17, 18, 19, 178, 713, 846, 879, 897, 930, 946, 960, 964, 965, 967, 971, 974, 975, 977, 978, 979]
932 (3)  [2, 3, 4, 6, 7, 8, 9, 10, 11, 12, 13, 14, 15, 16, 17, 18, 19, 178, 697, 782, 800, 857, 901, 908, 938, 942, 954, 956, 961, 968, 973, 974, 977, 978]
933 (2)  [1, 2, 3, 4, 5, 6, 7, 8, 9, 10, 11, 12, 13, 14, 15, 16, 17, 18, 19, 178, 594, 791, 812, 856, 877, 885, 923, 942, 944, 966, 972, 973, 974, 976, 979]
934 (2)  [1, 2, 3, 4, 5, 6, 7, 8, 9, 10, 11, 12, 13, 14, 15, 16, 17, 18, 19, 178, 564, 768, 771, 809, 819, 902, 927, 953, 961, 963, 968, 971, 974, 976, 977]
935 (2)  [2, 4, 5, 6, 7, 8, 9, 10, 11, 12, 13, 14, 15, 16, 17, 18, 19, 178, 718, 811, 881, 920, 924, 928, 936, 945, 949, 956, 964, 966, 970, 972, 973, 974, 979]
936 (2)  [1, 2, 3, 4, 6, 7, 8, 9, 10, 11, 12, 13, 14, 15, 16, 17, 18, 19, 178, 483, 861, 875, 895, 935, 937, 959, 964, 965, 968, 971, 972, 974, 977, 978, 979]
937 (3)  [1, 2, 3, 4, 5, 6, 7, 8, 9, 10, 11, 12, 13, 14, 15, 16, 17, 18, 19, 178, 757, 803, 851, 909, 914, 936, 947, 955, 965, 966, 968, 969, 973, 975, 977, 979]
938 (2)  [1, 2, 3, 4, 5, 7, 8, 9, 10, 11, 12, 13, 14, 15, 16, 17, 18, 19, 178, 453, 761, 787, 916, 919, 924, 929, 932, 939, 955, 956, 966, 967, 968, 969, 974, 978, 979]
939 (3)  [1, 3, 4, 6, 7, 8, 9, 10, 11, 12, 13, 14, 15, 16, 17, 18, 19, 178, 577, 864, 868, 870, 893, 914, 916, 938, 950, 951, 954, 957, 958, 959, 968, 973, 977, 978, 979]
940 (2)  [1, 2, 3, 4, 5, 6, 7, 8, 9, 10, 11, 12, 13, 14, 15, 16, 17, 18, 19, 178, 246, 661, 871, 897, 904, 927, 953, 956, 961, 967, 970, 973, 975, 976, 977, 978, 979, 981]
941 (2)  [2, 3, 4, 5, 6, 7, 8, 9, 10, 11, 12, 13, 14, 15, 16, 17, 18, 19, 178, 732, 843, 896, 909, 912, 952, 956, 960, 961, 962, 963, 966, 968, 972, 973, 974, 976, 977, 978]
942 (2)  [1, 4, 6, 7, 8, 9, 10, 11, 12, 13, 14, 15, 16, 17, 18, 19, 178, 577, 615, 764, 827, 841, 910, 926, 932, 933, 947, 950, 956, 958, 959, 963, 967, 972, 974, 977, 978, 979]
943 (3)  [1, 2, 4, 6, 7, 8, 9, 10, 11, 12, 13, 14, 15, 16, 17, 18, 19, 178, 830, 837, 890, 892, 920, 924, 927, 954, 960, 961, 964, 967, 969, 970, 972, 973, 975, 976, 977, 978, 979]
944 (2)  [1, 2, 3, 4, 5, 6, 7, 8, 9, 10, 11, 12, 13, 14, 15, 16, 17, 18, 19, 178, 418, 670, 794, 822, 823, 863, 930, 933, 956, 959, 964, 966, 968, 973, 974, 975, 976, 977, 978, 979]
945 (2)  [1, 2, 4, 5, 6, 7, 8, 9, 10, 11, 12, 13, 14, 15, 16, 17, 18, 19, 178, 534, 736, 748, 813, 912, 921, 929, 930, 935, 949, 951, 959, 965, 968, 970, 971, 972, 973, 974, 976, 978, 979]
946 (2)  [1, 2, 3, 4, 5, 6, 7, 8, 9, 10, 11, 12, 13, 14, 15, 16, 17, 18, 19, 178, 464, 852, 874, 879, 894, 906, 914, 921, 922, 924, 930, 931, 947, 960, 965, 967, 969, 971, 976, 978, 979]
947 (2)  [1, 2, 3, 4, 5, 6, 7, 8, 9, 10, 11, 12, 13, 14, 15, 16, 17, 18, 19, 178, 512, 776, 833, 842, 885, 905, 919, 921, 937, 942, 946, 953, 959, 965, 967, 968, 969, 970, 974, 975, 977, 979]
948 (2)  [1, 2, 4, 5, 6, 7, 8, 9, 10, 11, 12, 13, 14, 15, 16, 17, 18, 19, 178, 782, 874, 881, 911, 915, 949, 950, 953, 954, 959, 960, 962, 964, 965, 966, 968, 970, 972, 973, 974, 975, 977, 979]
949 (2)  [1, 3, 4, 5, 6, 7, 8, 9, 10, 11, 12, 13, 14, 15, 16, 17, 18, 19, 178, 264, 689, 832, 903, 907, 912, 925, 935, 945, 948, 950, 955, 961, 963, 966, 968, 969, 970, 972, 973, 975, 978, 979]
950 (3)  [3, 4, 5, 6, 7, 8, 9, 10, 11, 12, 13, 14, 15, 16, 17, 18, 19, 178, 636, 863, 882, 884, 886, 915, 929, 939, 942, 948, 949, 954, 956, 961, 965, 966, 967, 969, 971, 972, 973, 974, 977, 978]
951 (2)  [2, 4, 5, 6, 7, 8, 9, 10, 11, 12, 13, 14, 15, 16, 17, 18, 19, 178, 280, 740, 758, 774, 818, 837, 885, 887, 915, 919, 939, 945, 954, 958, 964, 965, 969, 970, 971, 973, 974, 975, 976, 977, 979]
952 (3)  [1, 2, 3, 4, 5, 6, 7, 8, 9, 10, 11, 12, 13, 14, 15, 16, 17, 18, 19, 178, 792, 832, 842, 858, 865, 882, 890, 896, 901, 915, 916, 917, 929, 941, 957, 958, 961, 963, 966, 969, 970, 971, 973, 975, 977, 979]
953 (2)  [1, 2, 3, 4, 5, 6, 7, 8, 9, 10, 11, 12, 13, 14, 15, 16, 17, 18, 19, 178, 438, 688, 858, 864, 887, 899, 903, 921, 929, 934, 940, 947, 948, 955, 956, 959, 963, 965, 967, 968, 972, 973, 975, 976, 978, 979, 989]
954 (2)  [2, 3, 5, 6, 7, 8, 9, 10, 11, 12, 13, 14, 15, 16, 17, 18, 19, 178, 617, 869, 873, 881, 882, 887, 892, 921, 925, 929, 932, 939, 943, 948, 950, 951, 956, 960, 961, 963, 964, 965, 967, 968, 970, 972, 973, 974, 975, 978, 979]
955 (2)  [1, 2, 4, 5, 6, 7, 8, 9, 10, 11, 12, 13, 14, 15, 16, 17, 18, 19, 178, 364, 381, 659, 755, 756, 857, 863, 878, 904, 905, 907, 920, 923, 930, 937, 938, 949, 953, 956, 958, 961, 963, 964, 965, 969, 971, 972, 973, 974, 975, 976, 977, 979]
956 (2)  [2, 3, 4, 5, 6, 7, 8, 9, 10, 11, 12, 13, 14, 15, 16, 17, 18, 19, 178, 382, 771, 799, 815, 818, 905, 914, 925, 932, 935, 938, 940, 941, 942, 944, 950, 953, 954, 955, 957, 961, 962, 964, 965, 966, 967, 970, 972, 974, 975, 976, 978, 979]
957 (2)  [1, 2, 3, 4, 5, 6, 7, 8, 9, 10, 11, 12, 13, 14, 15, 16, 17, 18, 19, 178, 763, 783, 869, 870, 873, 883, 892, 893, 897, 900, 909, 914, 918, 919, 920, 939, 952, 956, 961, 962, 963, 964, 965, 967, 968, 969, 970, 971, 972, 973, 974, 975, 977, 978, 979]
958 (2)  [1, 2, 3, 4, 5, 6, 7, 8, 9, 10, 11, 12, 13, 14, 15, 16, 17, 18, 19, 178, 535, 747, 769, 793, 845, 870, 873, 875, 879, 900, 902, 908, 909, 915, 930, 939, 942, 951, 952, 955, 962, 963, 964, 966, 967, 968, 969, 971, 973, 975, 976, 977, 978, 979, 993]
959 (2)  [1, 2, 3, 4, 5, 6, 7, 8, 9, 10, 11, 12, 13, 14, 15, 16, 17, 18, 19, 178, 360, 619, 701, 716, 812, 823, 834, 860, 872, 878, 915, 918, 921, 922, 936, 939, 942, 944, 945, 947, 948, 953, 960, 963, 965, 967, 968, 970, 971, 973, 974, 975, 976, 977, 978, 979]
960 (2)  [1, 2, 3, 4, 5, 6, 7, 8, 9, 10, 11, 12, 13, 14, 15, 16, 17, 18, 19, 178, 636, 724, 783, 789, 827, 831, 835, 840, 849, 890, 902, 903, 906, 907, 908, 913, 929, 931, 941, 943, 946, 948, 954, 959, 961, 962, 963, 964, 965, 966, 967, 968, 969, 971, 972, 973, 974, 975, 976, 977, 978, 979]
961 (2)  [1, 2, 3, 4, 5, 6, 7, 8, 9, 10, 11, 12, 13, 14, 15, 16, 17, 18, 19, 178, 736, 789, 828, 829, 861, 864, 876, 886, 893, 896, 911, 913, 926, 932, 934, 940, 941, 943, 949, 950, 952, 954, 955, 956, 957, 960, 962, 963, 964, 966, 967, 969, 970, 971, 972, 973, 974, 975, 976, 977, 978, 979]
962 (2)  [1, 2, 3, 4, 5, 6, 7, 8, 9, 10, 11, 12, 13, 14, 15, 16, 17, 18, 19, 178, 543, 646, 683, 703, 760, 766, 818, 830, 838, 862, 870, 883, 887, 896, 906, 916, 917, 920, 924, 925, 926, 941, 948, 956, 957, 958, 960, 961, 963, 964, 965, 967, 968, 969, 970, 971, 972, 973, 975, 976, 977, 978, 979]
963 (2)  [1, 2, 3, 4, 5, 6, 7, 8, 9, 10, 11, 12, 13, 14, 15, 16, 17, 18, 19, 178, 547, 579, 635, 738, 811, 832, 863, 902, 917, 918, 919, 920, 923, 924, 925, 926, 934, 941, 942, 949, 952, 953, 954, 955, 957, 958, 959, 960, 961, 962, 964, 967, 968, 969, 970, 971, 972, 973, 974, 975, 976, 977, 978, 979]
964 (2)  [1, 2, 4, 5, 6, 7, 8, 9, 10, 11, 12, 13, 14, 15, 16, 17, 18, 19, 178, 503, 739, 760, 766, 777, 808, 825, 826, 840, 855, 862, 906, 909, 913, 915, 916, 920, 926, 930, 931, 935, 936, 943, 944, 948, 951, 954, 955, 956, 957, 958, 960, 961, 962, 963, 965, 968, 969, 970, 971, 972, 973, 974, 975, 977, 978, 979]
965 (2)  [1, 2, 3, 4, 5, 6, 7, 8, 9, 10, 11, 12, 13, 14, 15, 16, 17, 18, 19, 178, 428, 588, 611, 685, 703, 789, 802, 842, 859, 862, 877, 880, 888, 891, 897, 905, 908, 931, 936, 937, 945, 946, 947, 948, 950, 951, 953, 954, 955, 956, 957, 959, 960, 962, 964, 966, 967, 968, 970, 971, 972, 973, 974, 975, 977, 978, 979]
966 (2)  [1, 2, 3, 4, 5, 6, 7, 8, 9, 10, 11, 12, 13, 14, 15, 16, 17, 18, 19, 178, 265, 593, 639, 653, 673, 699, 701, 740, 778, 800, 808, 824, 848, 873, 875, 891, 897, 898, 903, 914, 925, 933, 935, 937, 938, 941, 944, 948, 949, 950, 952, 956, 958, 960, 961, 965, 967, 968, 969, 970, 971, 972, 974, 975, 976, 977, 978, 979, 988]
967 (2)  [1, 2, 3, 4, 5, 6, 7, 8, 9, 10, 11, 12, 13, 14, 15, 16, 17, 18, 19, 178, 523, 555, 661, 702, 778, 807, 836, 850, 853, 860, 868, 891, 892, 905, 907, 911, 914, 918, 924, 928, 931, 938, 940, 942, 943, 946, 947, 950, 953, 954, 956, 957, 958, 959, 960, 961, 962, 963, 965, 966, 968, 969, 970, 971, 972, 973, 974, 975, 976, 977, 978, 979]
968 (2)  [1, 2, 3, 4, 5, 6, 7, 8, 9, 10, 11, 12, 13, 14, 15, 16, 17, 18, 19, 178, 421, 777, 793, 795, 814, 859, 866, 883, 885, 889, 900, 912, 918, 919, 921, 922, 924, 928, 932, 934, 936, 937, 938, 939, 941, 944, 945, 947, 948, 949, 953, 954, 957, 958, 959, 960, 962, 963, 964, 965, 966, 967, 969, 970, 971, 972, 973, 974, 975, 976, 977, 978, 979, 995]
969 (2)  [1, 2, 3, 4, 5, 6, 7, 8, 9, 10, 11, 12, 13, 14, 15, 16, 17, 18, 19, 178, 228, 437, 595, 733, 776, 801, 803, 814, 838, 844, 846, 847, 852, 854, 863, 865, 874, 894, 902, 903, 905, 909, 912, 919, 922, 923, 927, 937, 938, 943, 946, 947, 949, 950, 951, 952, 955, 957, 958, 960, 961, 962, 963, 964, 966, 967, 968, 970, 971, 972, 973, 974, 975, 976, 977, 978, 979]
970 (2)  [1, 2, 3, 4, 5, 6, 7, 8, 9, 10, 11, 12, 13, 14, 15, 16, 17, 18, 19, 178, 506, 604, 681, 710, 777, 816, 830, 844, 866, 876, 877, 880, 883, 886, 893, 898, 900, 907, 913, 915, 916, 922, 923, 924, 926, 930, 935, 940, 943, 945, 947, 948, 949, 951, 952, 954, 956, 957, 959, 961, 962, 963, 964, 965, 966, 967, 968, 969, 971, 972, 973, 974, 975, 976, 977, 978, 979]
971 (2)  [1, 2, 3, 4, 5, 6, 7, 8, 9, 10, 11, 12, 13, 14, 15, 16, 17, 18, 19, 178, 231, 580, 635, 660, 697, 713, 752, 767, 768, 790, 816, 836, 842, 846, 871, 873, 876, 880, 893, 894, 895, 900, 902, 904, 909, 912, 917, 922, 929, 930, 931, 934, 936, 945, 946, 950, 951, 952, 955, 957, 958, 959, 960, 961, 962, 963, 964, 965, 966, 967, 968, 969, 970, 972, 973, 974, 975, 976, 977, 978, 979]
972 (2)  [1, 2, 3, 4, 5, 6, 7, 8, 9, 10, 11, 12, 13, 14, 15, 16, 17, 18, 19, 178, 341, 372, 596, 641, 670, 688, 710, 711, 734, 739, 760, 771, 786, 792, 811, 850, 855, 869, 873, 876, 878, 880, 888, 894, 898, 908, 910, 911, 917, 919, 926, 930, 933, 935, 936, 941, 942, 943, 945, 948, 949, 950, 953, 954, 955, 956, 957, 960, 961, 962, 963, 964, 965, 966, 967, 968, 969, 970, 971, 973, 974, 975, 976, 977, 978, 979]
973 (2)  [1, 2, 3, 4, 5, 6, 7, 8, 9, 10, 11, 12, 13, 14, 15, 16, 17, 18, 19, 178, 328, 472, 499, 560, 669, 675, 691, 712, 715, 792, 819, 845, 849, 854, 856, 878, 890, 892, 897, 901, 902, 909, 911, 912, 913, 918, 929, 932, 933, 935, 937, 939, 940, 941, 943, 944, 945, 948, 949, 950, 951, 952, 953, 954, 955, 957, 958, 959, 960, 961, 962, 963, 964, 965, 967, 968, 969, 970, 971, 972, 974, 975, 976, 977, 978, 979]
974 (2)  [1, 2, 3, 4, 5, 6, 7, 8, 9, 10, 11, 12, 13, 14, 15, 16, 17, 18, 19, 178, 316, 583, 681, 703, 720, 749, 765, 772, 779, 811, 816, 829, 831, 854, 857, 881, 882, 884, 889, 891, 894, 899, 901, 906, 908, 916, 919, 925, 928, 931, 932, 933, 934, 935, 936, 938, 941, 942, 944, 945, 947, 948, 950, 951, 954, 955, 956, 957, 959, 960, 961, 963, 964, 965, 966, 967, 968, 969, 970, 971, 972, 973, 975, 976, 977, 978, 979]
975 (2)  [1, 2, 3, 4, 5, 6, 7, 8, 9, 10, 11, 12, 13, 14, 15, 16, 17, 18, 19, 178, 332, 456, 488, 595, 643, 690, 706, 708, 710, 731, 742, 757, 770, 815, 829, 830, 831, 841, 849, 851, 877, 881, 888, 901, 909, 910, 912, 919, 920, 922, 924, 927, 931, 937, 940, 943, 944, 947, 948, 949, 951, 952, 953, 954, 955, 956, 957, 958, 959, 960, 961, 962, 963, 964, 965, 966, 967, 968, 969, 970, 971, 972, 973, 974, 976, 977, 978, 979]
976 (2)  [1, 2, 3, 4, 5, 6, 7, 8, 9, 10, 11, 12, 13, 14, 15, 16, 17, 18, 19, 178, 326, 416, 456, 466, 514, 556, 621, 725, 737, 798, 802, 805, 853, 854, 855, 856, 865, 866, 870, 873, 879, 880, 881, 882, 885, 886, 887, 901, 904, 909, 916, 918, 920, 921, 922, 928, 929, 933, 934, 940, 941, 943, 944, 945, 946, 951, 953, 955, 956, 958, 959, 960, 961, 962, 963, 966, 967, 968, 969, 970, 971, 972, 973, 974, 975, 977, 978, 979]
977 (2)  [1, 2, 3, 4, 5, 6, 7, 8, 9, 10, 11, 12, 13, 14, 15, 16, 17, 18, 19, 178, 354, 383, 556, 576, 605, 650, 684, 714, 750, 762, 789, 806, 807, 827, 847, 867, 881, 882, 884, 887, 888, 890, 891, 893, 894, 895, 899, 904, 906, 911, 913, 918, 923, 924, 925, 926, 927, 929, 931, 932, 934, 936, 937, 939, 940, 941, 942, 943, 944, 947, 948, 950, 951, 952, 955, 957, 958, 959, 960, 961, 962, 963, 964, 965, 966, 967, 968, 969, 970, 971, 972, 973, 974, 975, 976, 978, 979, 990, 994, 997, 999]
978 (2)  [1, 2, 3, 4, 5, 6, 7, 8, 9, 10, 11, 12, 13, 14, 15, 16, 17, 18, 19, 178, 253, 417, 677, 689, 708, 709, 751, 758, 773, 780, 784, 789, 800, 813, 820, 824, 832, 841, 842, 859, 860, 872, 883, 892, 897, 898, 899, 900, 905, 910, 912, 915, 917, 918, 920, 923, 925, 926, 927, 929, 930, 931, 932, 936, 938, 939, 940, 941, 942, 943, 944, 945, 946, 949, 950, 953, 954, 956, 957, 958, 959, 960, 961, 962, 963, 964, 965, 966, 967, 968, 969, 970, 971, 972, 973, 974, 975, 976, 977, 979, 992]
979 (2)  [1, 2, 3, 4, 5, 6, 7, 8, 9, 10, 11, 12, 13, 14, 15, 16, 17, 18, 19, 178, 288, 308, 365, 547, 573, 596, 628, 680, 714, 721, 722, 734, 745, 746, 751, 756, 770, 805, 827, 836, 859, 865, 871, 875, 887, 888, 889, 890, 896, 898, 901, 902, 913, 914, 917, 918, 924, 926, 928, 929, 930, 931, 933, 935, 936, 937, 938, 939, 940, 942, 943, 944, 945, 946, 947, 948, 949, 951, 952, 953, 954, 955, 956, 957, 958, 959, 960, 961, 962, 963, 964, 965, 966, 967, 968, 969, 970, 971, 972, 973, 974, 975, 976, 977, 978, 984, 987, 996]
980 (3)  [880]
981 (3)  [940]
982 (3)  [878]
983 (3)  [928]
984 (3)  [979]
985 (3)  [928]
986 (3)  [850]
987 (3)  [979]
988 (3)  [966]
989 (3)  [953]
990 (3)  [977]
991 (3)  [809]
992 (3)  [978]
993 (3)  [958]
994 (3)  [977]
995 (3)  [968]
996 (3)  [979]
997 (3)  [977]
998 (3)  [930]
999 (4)  [926, 977]
