GLP Model
Parameters:
- m0:20.0
- m:1.0
- p:0.45
- beta:0.64

 Size : 400
 Size of core : 8
 % of P2P links : 0.15
 % of nodes in level 1 : 1.75
 % of nodes in level 2 : 28
 % of nodes in level 3 : 52.75
 % of nodes in level 4 : 16.25
 % of nodes in level 5 : 1.25
 Degree of level 1 : 25.71
 Degree of level 2 : 5.56
 Degree of level 3 : 2.06
 Degree of level 4 : 1.65
 Degree of level 5 : 1.2

1 (1)  [5, 6, 7, 20, 26, 29, 37, 46, 55, 57, 65, 70, 96, 99, 120, 124, 127, 151]
2 (1)  [5, 10, 12, 23, 43, 49, 71, 95, 97, 98, 102, 107, 123, 142, 143, 145, 147, 150]
3 (1)  [4, 6, 8, 20, 34, 35, 61, 62, 66, 71, 72, 82, 88, 101, 103, 135, 140, 141, 142, 148]
4 (1)  [3, 5, 6, 7, 9, 20, 38, 48, 64, 74, 83, 100, 104, 114, 115, 116, 119, 126, 132, 146]
5 (1)  [1, 2, 4, 19, 20, 31, 32, 44, 45, 48, 51, 54, 64, 78, 79, 83, 90, 94, 104, 107, 116, 121, 135, 136, 137, 138, 139, 140, 146, 151, 152]
6 (1)  [1, 3, 4, 7, 13, 15, 27, 36, 50, 57, 58, 59, 60, 68, 73, 75, 81, 84, 86, 88, 97, 105, 106, 107, 113, 118, 121, 131, 133, 135, 143, 144, 147, 149]
7 (1)  [1, 4, 6, 18, 20, 21, 24, 25, 30, 33, 42, 46, 52, 54, 55, 59, 63, 71, 76, 80, 87, 89, 92, 93, 98, 102, 108, 109, 110, 122, 130, 132, 136, 143, 144, 146, 147, 151, 152]
8 (2)  [3]
9 (2)  [4]
10 (2)  [2]
11 (2)  [20]
12 (2)  [2]
13 (2)  [6]
14 (2)  [20]
15 (2)  [6]
16 (2)  [20]
17 (2)  [20]
18 (2)  [7]
19 (2)  [5]
20 (2)  [7]
21 (2)  [7]
22 (2)  [20]
23 (2)  [2]
24 (2)  [7]
25 (2)  [7]
26 (2)  [1]
27 (2)  [6]
28 (2)  [20]
29 (2)  [1]
30 (2)  [7]
31 (2)  [5]
32 (2)  [5]
33 (2)  [7]
34 (2)  [3]
35 (2)  [3]
36 (2)  [6]
37 (2)  [1]
38 (2)  [4]
39 (2)  [20]
40 (2)  [20]
41 (2)  [20]
42 (2)  [7, 315]
43 (3)  [2, 139]
44 (3)  [5, 133]
45 (3)  [5, 146]
46 (2)  [1, 7]
47 (3)  [20, 143]
48 (2)  [4, 5]
49 (3)  [2, 152]
50 (3)  [6, 145]
51 (2)  [5, 310]
52 (3)  [7, 134]
53 (3)  [20, 147]
54 (2)  [5, 7]
55 (2)  [1, 7]
56 (3)  [20, 141]
57 (2)  [1, 6]
58 (3)  [6, 145]
59 (2)  [6, 7]
60 (3)  [6, 146]
61 (2)  [3, 234]
62 (3)  [3, 139]
63 (3)  [7, 135]
64 (2)  [4, 5]
65 (3)  [1, 152]
66 (3)  [3, 99]
67 (3)  [20, 92]
68 (3)  [6, 110, 134]
69 (2)  [20, 138, 289]
70 (3)  [1, 149, 349]
71 (2)  [2, 3, 7]
72 (3)  [3, 136, 139]
73 (2)  [6, 129, 237]
74 (2)  [4, 93, 215]
75 (3)  [6, 136, 296]
76 (3)  [7, 20, 130]
77 (2)  [20, 91, 212]
78 (3)  [5, 80, 112]
79 (2)  [5, 145, 318]
80 (2)  [7, 78, 352]
81 (2)  [6, 116, 235]
82 (3)  [3, 122, 304]
83 (2)  [4, 5, 357]
84 (2)  [6, 123, 243]
85 (2)  [20, 144, 224]
86 (2)  [6, 120, 279]
87 (2)  [7, 137, 150, 206]
88 (2)  [3, 6, 176, 356]
89 (3)  [7, 150, 314, 337]
90 (3)  [5, 117, 122, 133]
91 (2)  [20, 77, 95, 251]
92 (2)  [7, 67, 101, 138]
93 (2)  [7, 74, 152, 319]
94 (3)  [5, 147, 350, 357]
95 (2)  [2, 91, 193, 249]
96 (2)  [1, 105, 146, 266]
97 (3)  [2, 6, 135, 357]
98 (3)  [2, 7, 104, 145]
99 (2)  [1, 66, 148, 236]
100 (2)  [4, 20, 121, 264]
101 (3)  [3, 92, 113, 138, 356]
102 (2)  [2, 7, 139, 155, 358]
103 (2)  [3, 141, 149, 195, 358]
104 (2)  [4, 5, 98, 148, 218]
105 (3)  [6, 96, 129, 142, 298]
106 (2)  [6, 159, 283, 348, 353]
107 (2)  [2, 5, 6, 250, 357]
108 (3)  [7, 20, 127, 145, 327]
109 (2)  [7, 141, 144, 207, 357]
110 (2)  [7, 68, 146, 149, 262]
111 (2)  [20, 117, 191, 347, 358]
112 (2)  [20, 78, 341, 344, 358]
113 (2)  [6, 101, 149, 233, 340]
114 (2)  [4, 147, 149, 203, 339]
115 (3)  [4, 20, 136, 147, 151]
116 (2)  [4, 5, 81, 128, 147, 187]
117 (3)  [20, 90, 111, 149, 334, 354]
118 (2)  [6, 147, 149, 164, 326, 345]
119 (2)  [4, 138, 245, 267, 320, 336]
120 (2)  [1, 86, 133, 151, 268, 327]
121 (2)  [5, 6, 20, 100, 276, 277]
122 (2)  [7, 82, 90, 127, 182, 232, 342]
123 (2)  [2, 84, 148, 169, 273, 322, 344]
124 (2)  [1, 20, 144, 149, 151, 256, 295]
125 (2)  [20, 141, 152, 181, 272, 291, 324]
126 (2)  [4, 137, 138, 141, 229, 261, 297]
127 (2)  [1, 108, 122, 143, 166, 292, 328]
128 (2)  [20, 116, 142, 200, 210, 311, 329]
129 (2)  [20, 73, 105, 149, 171, 222, 347]
130 (2)  [7, 76, 260, 286, 322, 330, 339, 340]
131 (2)  [6, 145, 151, 167, 198, 227, 271, 355]
132 (2)  [4, 7, 141, 163, 197, 285, 312, 355]
133 (2)  [6, 44, 90, 120, 144, 202, 242, 330, 349]
134 (2)  [20, 52, 68, 149, 257, 270, 275, 280, 352]
135 (2)  [3, 5, 6, 20, 63, 97, 321, 336, 355]
136 (2)  [5, 7, 20, 72, 75, 115, 149, 255, 326, 357]
137 (2)  [5, 20, 87, 126, 148, 172, 217, 307, 331, 358]
138 (2)  [5, 69, 92, 101, 119, 126, 177, 304, 340, 358]
139 (2)  [5, 20, 43, 62, 72, 102, 140, 145, 156, 259]
140 (2)  [3, 5, 139, 143, 144, 150, 247, 299, 343, 348]
141 (2)  [3, 56, 103, 109, 125, 126, 132, 152, 338, 345, 347]
142 (2)  [2, 3, 20, 105, 128, 149, 219, 254, 293, 315, 336]
143 (2)  [2, 6, 7, 47, 127, 140, 148, 152, 214, 225, 240, 305, 306, 334]
144 (2)  [6, 7, 20, 85, 109, 124, 133, 140, 170, 186, 287, 305, 340, 354]
145 (2)  [2, 50, 58, 79, 98, 108, 131, 139, 149, 151, 168, 175, 178, 185, 189, 208, 213, 309, 328, 337, 358]
146 (2)  [4, 5, 7, 45, 60, 96, 110, 147, 148, 150, 173, 190, 223, 288, 302, 306, 316, 317, 329, 332, 346]
147 (2)  [2, 6, 7, 53, 94, 114, 115, 116, 118, 146, 149, 152, 188, 241, 252, 303, 310, 311, 313, 348, 355]
148 (2)  [3, 99, 104, 123, 137, 143, 146, 151, 152, 161, 174, 230, 265, 287, 292, 293, 294, 299, 314, 316, 323, 354, 357, 358]
149 (2)  [6, 70, 103, 110, 113, 114, 117, 118, 124, 129, 134, 136, 142, 145, 147, 150, 160, 216, 226, 238, 248, 282, 284, 288, 290, 294, 325, 333, 358]
150 (2)  [2, 87, 89, 140, 146, 149, 152, 154, 157, 165, 180, 184, 221, 231, 244, 246, 258, 263, 269, 298, 300, 320, 341, 342, 343, 347, 348, 357, 358]
151 (2)  [1, 5, 7, 115, 120, 124, 131, 145, 148, 179, 192, 196, 199, 204, 205, 211, 220, 228, 253, 274, 296, 308, 332, 335, 346, 349, 351, 352, 354, 358]
152 (2)  [5, 7, 49, 65, 93, 125, 141, 143, 147, 148, 150, 153, 158, 162, 183, 194, 201, 209, 239, 278, 281, 301, 324, 329, 330, 331, 339, 345, 350, 355]
153 (3)  [152]
154 (3)  [150]
155 (3)  [102]
156 (3)  [139]
157 (3)  [150]
158 (3)  [152]
159 (3)  [106]
160 (3)  [149]
161 (3)  [148]
162 (3)  [152]
163 (3)  [132]
164 (3)  [118]
165 (3)  [150]
166 (3)  [127]
167 (3)  [131]
168 (3)  [145]
169 (3)  [123]
170 (3)  [144]
171 (3)  [129]
172 (3)  [137]
173 (3)  [146]
174 (3)  [148]
175 (3)  [145]
176 (3)  [88]
177 (3)  [138]
178 (3)  [145]
179 (3)  [151]
180 (3)  [150]
181 (3)  [125]
182 (3)  [122]
183 (3)  [152]
184 (3)  [150]
185 (3)  [145]
186 (3)  [144]
187 (3)  [116]
188 (3)  [147]
189 (3)  [145]
190 (3)  [146]
191 (3)  [111]
192 (3)  [151]
193 (3)  [95]
194 (3)  [152]
195 (3)  [103]
196 (3)  [151]
197 (3)  [132]
198 (3)  [131]
199 (3)  [151]
200 (3)  [128]
201 (3)  [152]
202 (3)  [133]
203 (3)  [114]
204 (3)  [151]
205 (3)  [151]
206 (3)  [87]
207 (3)  [109]
208 (3)  [145]
209 (3)  [152]
210 (3)  [128]
211 (3)  [151]
212 (3)  [77]
213 (3)  [145]
214 (3)  [143]
215 (3)  [74]
216 (3)  [149]
217 (3)  [137]
218 (3)  [104]
219 (3)  [142]
220 (3)  [151]
221 (3)  [150]
222 (3)  [129]
223 (3)  [146]
224 (3)  [85]
225 (3)  [143]
226 (3)  [149]
227 (3)  [131]
228 (3)  [151]
229 (3)  [126]
230 (3)  [148]
231 (3)  [150]
232 (3)  [122]
233 (3)  [113]
234 (3)  [61]
235 (3)  [81]
236 (3)  [99]
237 (3)  [73]
238 (3)  [149]
239 (3)  [152]
240 (3)  [143]
241 (3)  [147]
242 (3)  [133]
243 (3)  [84]
244 (3)  [150]
245 (3)  [119]
246 (3)  [150]
247 (3)  [140]
248 (3)  [149]
249 (3)  [95]
250 (3)  [107]
251 (3)  [91]
252 (3)  [147]
253 (3)  [151]
254 (3)  [142]
255 (3)  [136]
256 (3)  [124]
257 (3)  [134]
258 (3)  [150]
259 (3)  [139]
260 (3)  [130]
261 (3)  [126]
262 (3)  [110]
263 (3)  [150]
264 (3)  [100]
265 (3)  [148]
266 (3)  [96]
267 (3)  [119]
268 (3)  [120]
269 (3)  [150]
270 (3)  [134]
271 (3)  [131]
272 (3)  [125]
273 (3)  [123]
274 (3)  [151]
275 (3)  [134]
276 (3)  [121]
277 (3)  [121]
278 (3)  [152]
279 (3)  [86]
280 (3)  [134]
281 (3)  [152]
282 (4)  [149, 349]
283 (4)  [106, 357]
284 (4)  [149, 332]
285 (4)  [132, 355]
286 (4)  [130, 358]
287 (3)  [144, 148]
288 (3)  [146, 149]
289 (4)  [69, 354]
290 (4)  [149, 357]
291 (4)  [125, 333]
292 (3)  [127, 148]
293 (3)  [142, 148]
294 (3)  [148, 149]
295 (3)  [124, 366]
296 (4)  [75, 151]
297 (4)  [126, 356]
298 (4)  [105, 150]
299 (3)  [140, 148]
300 (4)  [150, 321]
301 (4)  [152, 349]
302 (4)  [146, 347]
303 (3)  [147, 390]
304 (4)  [82, 138]
305 (3)  [143, 144]
306 (3)  [143, 146]
307 (4)  [137, 351]
308 (3)  [151, 373]
309 (4)  [145, 350]
310 (3)  [51, 147]
311 (3)  [128, 147]
312 (4)  [132, 353]
313 (3)  [147, 385]
314 (4)  [89, 148]
315 (3)  [42, 142]
316 (3)  [146, 148]
317 (4)  [146, 352]
318 (4)  [79, 355]
319 (4)  [93, 351]
320 (3)  [119, 150]
321 (3)  [135, 300]
322 (3)  [123, 130]
323 (4)  [148, 350]
324 (3)  [125, 152]
325 (4)  [149, 338]
326 (3)  [118, 136]
327 (4)  [108, 120]
328 (3)  [127, 145, 392]
329 (3)  [128, 146, 152]
330 (3)  [130, 133, 152]
331 (3)  [137, 152, 362]
332 (3)  [146, 151, 284]
333 (3)  [149, 291, 354]
334 (4)  [117, 143, 356]
335 (4)  [151, 353, 357]
336 (3)  [119, 135, 142]
337 (3)  [89, 145, 381]
338 (3)  [141, 325, 394]
339 (3)  [114, 130, 152]
340 (3)  [113, 130, 138, 144]
341 (3)  [112, 150, 355, 376]
342 (3)  [122, 150, 380, 386]
343 (3)  [140, 150, 368, 369]
344 (3)  [112, 123, 378, 383]
345 (3)  [118, 141, 152, 374, 396]
346 (3)  [146, 151, 355, 364, 393]
347 (3)  [111, 129, 141, 150, 302]
348 (4)  [106, 140, 147, 150, 356]
349 (3)  [70, 133, 151, 282, 301, 357]
350 (3)  [94, 152, 309, 323, 377, 389]
351 (3)  [151, 307, 319, 352, 354, 395]
352 (3)  [80, 134, 151, 317, 351, 357, 387]
353 (3)  [106, 312, 335, 357, 379, 382, 388]
354 (3)  [117, 144, 148, 151, 289, 333, 351, 358, 394]
355 (3)  [131, 132, 135, 147, 152, 285, 318, 341, 346, 371]
356 (3)  [88, 101, 297, 334, 348, 358, 360, 363, 367, 392]
357 (3)  [83, 94, 97, 107, 109, 136, 148, 150, 283, 290, 335, 349, 352, 353, 361, 365, 370, 384]
358 (3)  [102, 103, 111, 112, 137, 138, 145, 148, 149, 150, 151, 286, 354, 356, 359, 372, 375, 390, 391, 396]
359 (4)  [358]
360 (4)  [356]
361 (4)  [357]
362 (4)  [331]
363 (4)  [356]
364 (4)  [346]
365 (4)  [357]
366 (4)  [295]
367 (4)  [356]
368 (4)  [343]
369 (4)  [343]
370 (4)  [357]
371 (4)  [355]
372 (4)  [358]
373 (4)  [308]
374 (4)  [345]
375 (4)  [358]
376 (4)  [341]
377 (4)  [350]
378 (4)  [344]
379 (4)  [353]
380 (4)  [342]
381 (4)  [337]
382 (4)  [353]
383 (4)  [344]
384 (4)  [357]
385 (4)  [313]
386 (4)  [342]
387 (4)  [352]
388 (4)  [353]
389 (4)  [350]
390 (4)  [303, 358]
391 (4)  [358, 397]
392 (4)  [328, 356]
393 (5)  [346, 395]
394 (4)  [338, 354]
395 (4)  [351, 393]
396 (4)  [345, 358, 398, 399, 400]
397 (5)  [391]
398 (5)  [396]
399 (5)  [396]
400 (5)  [396]
