GLP Model
Parameters:
- m0:20.0
- m:1.0
- p:0.45
- beta:0.64

 Size : 999
 Size of core : 9
 % of P2P links : 0.14
 % of nodes in level 1 : 0.8
 % of nodes in level 2 : 29.73
 % of nodes in level 3 : 49.75
 % of nodes in level 4 : 18.42
 % of nodes in level 5 : 1.2
 % of nodes in level 6 : 0.1
 Degree of level 1 : 54
 Degree of level 2 : 5.07
 Degree of level 3 : 2.23
 Degree of level 4 : 1.74
 Degree of level 5 : 1.5
 Degree of level 6 : 1

1 (1)  [4, 5, 6, 15, 15, 24, 31, 37, 76, 81, 90, 121, 126, 130, 164, 196, 221, 235, 260, 272, 275, 351, 363, 367, 376, 380, 388, 400]
2 (1)  [4, 7, 8, 19, 28, 35, 49, 103, 104, 110, 131, 168, 171, 173, 182, 190, 249, 263, 265, 282, 286, 292, 314, 319, 325, 344, 349, 354, 363, 381]
3 (1)  [4, 5, 7, 8, 68, 80, 87, 95, 106, 117, 137, 141, 153, 155, 156, 164, 177, 180, 188, 194, 198, 210, 214, 225, 238, 241, 247, 263, 265, 306, 317, 320, 324, 333, 342, 350, 367, 377, 382, 390, 398]
4 (1)  [1, 2, 3, 6, 10, 13, 15, 45, 51, 65, 70, 84, 86, 91, 117, 119, 121, 165, 185, 191, 219, 239, 256, 259, 272, 280, 297, 309, 313, 314, 317, 326, 334, 336, 337, 345, 370, 372, 375, 382, 386, 391, 393, 396, 400]
5 (1)  [1, 3, 7, 8, 14, 44, 52, 53, 59, 88, 92, 140, 144, 167, 172, 181, 195, 198, 200, 201, 204, 208, 217, 240, 247, 252, 271, 281, 288, 289, 302, 304, 311, 323, 325, 338, 339, 341, 344, 346, 354, 376, 387, 390, 397, 401]
6 (1)  [1, 4, 7, 15, 18, 25, 26, 29, 32, 34, 46, 48, 62, 77, 79, 99, 107, 108, 109, 135, 136, 144, 145, 183, 184, 187, 213, 218, 225, 227, 230, 238, 248, 253, 258, 273, 274, 278, 285, 287, 288, 291, 293, 307, 316, 331, 338, 343, 345, 347, 350, 351, 354, 374, 379, 381, 384, 386, 387, 393, 399, 400]
7 (1)  [2, 3, 5, 6, 8, 12, 15, 50, 56, 57, 58, 63, 75, 85, 94, 98, 100, 101, 102, 113, 114, 116, 124, 125, 134, 136, 149, 150, 151, 154, 160, 174, 177, 178, 189, 192, 202, 203, 206, 207, 215, 218, 220, 229, 231, 232, 237, 243, 245, 250, 251, 254, 255, 270, 278, 279, 282, 295, 300, 301, 303, 321, 330, 347, 353, 357, 359, 365, 367, 369, 372, 378, 380, 384, 387, 388, 395, 396]
8 (1)  [2, 3, 5, 7, 11, 15, 16, 17, 23, 27, 33, 41, 42, 43, 47, 54, 60, 69, 78, 93, 105, 111, 115, 118, 123, 129, 132, 133, 137, 142, 148, 149, 161, 162, 163, 170, 175, 176, 180, 197, 202, 209, 210, 212, 216, 217, 228, 234, 244, 246, 247, 249, 250, 251, 257, 264, 267, 270, 272, 277, 280, 283, 286, 287, 289, 290, 291, 294, 298, 308, 310, 314, 322, 323, 325, 328, 329, 330, 332, 333, 340, 348, 351, 352, 356, 360, 361, 362, 364, 365, 366, 369, 373, 376, 381, 383, 388, 389, 394, 395, 396, 398]
9 (2)  [15]
10 (2)  [4]
11 (2)  [8]
12 (2)  [7]
13 (2)  [4]
14 (2)  [5]
15 (2)  [1]
16 (2)  [8]
17 (2)  [8]
18 (2)  [6]
19 (2)  [2]
20 (2)  [15]
21 (2)  [15]
22 (2)  [15]
23 (2)  [8]
24 (2)  [1]
25 (2)  [6]
26 (2)  [6]
27 (2)  [8]
28 (2)  [2]
29 (2)  [6]
30 (2)  [15]
31 (2)  [1]
32 (2)  [6]
33 (2)  [8]
34 (2)  [6]
35 (2)  [2]
36 (2)  [15]
37 (2)  [1]
38 (2)  [15]
39 (2)  [15]
40 (2)  [15]
41 (2)  [8]
42 (2)  [8]
43 (2)  [8]
44 (2)  [5]
45 (2)  [4]
46 (2)  [6]
47 (2)  [8]
48 (2)  [6]
49 (2)  [2]
50 (2)  [7]
51 (2)  [4]
52 (2)  [5]
53 (2)  [5]
54 (2)  [8]
55 (2)  [15]
56 (2)  [7]
57 (2)  [7]
58 (2)  [7]
59 (2)  [5]
60 (2)  [8]
61 (2)  [15]
62 (2)  [6]
63 (2)  [7]
64 (2)  [15]
65 (2)  [4]
66 (2)  [15]
67 (2)  [15]
68 (2)  [3]
69 (2)  [8]
70 (2)  [4]
71 (2)  [15]
72 (2)  [15]
73 (2)  [15]
74 (2)  [15]
75 (2)  [7]
76 (2)  [1]
77 (2)  [6]
78 (2)  [8]
79 (2)  [6]
80 (2)  [3]
81 (2)  [1]
82 (2)  [15]
83 (2)  [15]
84 (2)  [4]
85 (2)  [7]
86 (2)  [4]
87 (2)  [3]
88 (2)  [5]
89 (2)  [15]
90 (2)  [1]
91 (2)  [4]
92 (2)  [5]
93 (2)  [8]
94 (2)  [7]
95 (2)  [3]
96 (2)  [15]
97 (2)  [15]
98 (2)  [7]
99 (2)  [6]
100 (2)  [7]
101 (2)  [7]
102 (2)  [7]
103 (2)  [2]
104 (2)  [2]
105 (2)  [8]
106 (2)  [3]
107 (2)  [6]
108 (2)  [6]
109 (2)  [6]
110 (2)  [2]
111 (2)  [8]
112 (2)  [15]
113 (2)  [7]
114 (3)  [7, 369]
115 (3)  [8, 329]
116 (3)  [7, 395]
117 (2)  [3, 4]
118 (3)  [8, 383]
119 (3)  [4, 383]
120 (2)  [15, 856]
121 (2)  [1, 4]
122 (3)  [15, 361]
123 (3)  [8, 393]
124 (3)  [7, 217]
125 (3)  [7, 400]
126 (3)  [1, 340]
127 (2)  [15, 877]
128 (2)  [15, 877]
129 (2)  [8, 15]
130 (2)  [1, 852]
131 (2)  [2, 862]
132 (3)  [8, 333]
133 (3)  [8, 400]
134 (3)  [7, 368]
135 (3)  [6, 306]
136 (2)  [6, 7]
137 (2)  [3, 8]
138 (2)  [15, 872]
139 (2)  [15, 875]
140 (2)  [5, 15]
141 (3)  [3, 377]
142 (2)  [8, 853]
143 (2)  [15, 428]
144 (2)  [5, 6]
145 (2)  [6, 15]
146 (2)  [15, 624]
147 (3)  [15, 382]
148 (2)  [8, 877]
149 (2)  [7, 8]
150 (2)  [7, 15]
151 (3)  [7, 396]
152 (3)  [15, 365]
153 (2)  [3, 626]
154 (2)  [7, 705]
155 (3)  [3, 339]
156 (2)  [3, 780]
157 (2)  [15, 725]
158 (3)  [15, 385]
159 (2)  [15, 874]
160 (3)  [7, 396]
161 (3)  [8, 264]
162 (2)  [8, 741]
163 (3)  [8, 268]
164 (2)  [1, 3]
165 (2)  [4, 876]
166 (2)  [15, 742]
167 (3)  [5, 365]
168 (3)  [2, 401]
169 (2)  [15, 495]
170 (3)  [8, 397]
171 (3)  [2, 359]
172 (2)  [5, 753]
173 (2)  [2, 514]
174 (3)  [7, 399]
175 (2)  [8, 684]
176 (2)  [8, 841]
177 (2)  [3, 7]
178 (3)  [7, 378]
179 (2)  [15, 856]
180 (2)  [3, 8]
181 (3)  [5, 374]
182 (2)  [2, 15]
183 (3)  [6, 390]
184 (3)  [6, 236]
185 (3)  [4, 300]
186 (3)  [15, 309]
187 (3)  [6, 284]
188 (3)  [3, 344]
189 (3)  [7, 254]
190 (3)  [2, 223]
191 (2)  [4, 874]
192 (2)  [7, 747]
193 (3)  [15, 332]
194 (3)  [3, 319]
195 (3)  [5, 396]
196 (3)  [1, 383]
197 (3)  [8, 284]
198 (2)  [3, 5]
199 (2)  [15, 815]
200 (2)  [5, 401, 644]
201 (3)  [5, 332, 385]
202 (3)  [7, 8, 378]
203 (3)  [7, 351, 379]
204 (3)  [5, 397, 868]
205 (2)  [15, 702, 719]
206 (3)  [7, 15, 317]
207 (3)  [7, 345, 352]
208 (3)  [5, 261, 373]
209 (3)  [8, 360, 400]
210 (3)  [3, 8, 356]
211 (2)  [15, 401, 772]
212 (2)  [8, 391, 568]
213 (3)  [6, 399, 842]
214 (3)  [3, 350, 376]
215 (3)  [7, 385, 395]
216 (3)  [8, 400, 790]
217 (2)  [5, 8, 124]
218 (2)  [6, 7, 874]
219 (3)  [4, 293, 398]
220 (3)  [7, 400, 697]
221 (3)  [1, 384, 387]
222 (3)  [15, 390, 397]
223 (2)  [15, 190, 396]
224 (3)  [15, 292, 329]
225 (3)  [3, 6, 401]
226 (2)  [15, 492, 770]
227 (3)  [6, 359, 394]
228 (3)  [8, 358, 876]
229 (3)  [7, 386, 756]
230 (3)  [6, 316, 377]
231 (2)  [7, 399, 444]
232 (2)  [7, 276, 588]
233 (2)  [15, 833, 854]
234 (3)  [8, 320, 378]
235 (2)  [1, 15, 616]
236 (2)  [15, 184, 324]
237 (3)  [7, 15, 364]
238 (2)  [3, 6, 643]
239 (2)  [4, 491, 848]
240 (2)  [5, 399, 836]
241 (2)  [3, 390, 547]
242 (2)  [15, 381, 518]
243 (3)  [7, 274, 693]
244 (3)  [8, 367, 763]
245 (3)  [7, 375, 861]
246 (3)  [8, 310, 835]
247 (2)  [3, 5, 8]
248 (2)  [6, 15, 804]
249 (2)  [2, 8, 15]
250 (3)  [7, 8, 386]
251 (3)  [7, 8, 334, 398]
252 (2)  [5, 388, 401, 642]
253 (2)  [6, 366, 372, 448]
254 (2)  [7, 189, 373, 866]
255 (2)  [7, 15, 682, 821]
256 (2)  [4, 320, 322, 438]
257 (3)  [8, 15, 398, 853]
258 (3)  [6, 15, 302, 386]
259 (2)  [4, 315, 756, 875]
260 (3)  [1, 307, 741, 809]
261 (3)  [15, 208, 266, 373]
262 (2)  [15, 281, 401, 810]
263 (3)  [2, 3, 280, 841]
264 (2)  [8, 15, 161, 392]
265 (3)  [2, 3, 380, 401]
266 (3)  [15, 261, 350, 858]
267 (2)  [8, 326, 370, 663]
268 (2)  [15, 163, 399, 638]
269 (3)  [15, 374, 378, 808]
270 (2)  [7, 8, 397, 512]
271 (3)  [5, 319, 373, 733]
272 (2)  [1, 4, 8, 646]
273 (3)  [6, 351, 399, 819]
274 (2)  [6, 243, 396, 786]
275 (2)  [1, 359, 724, 744]
276 (2)  [15, 232, 565, 755]
277 (3)  [8, 312, 368, 790]
278 (2)  [6, 7, 487, 720]
279 (3)  [7, 350, 388, 876]
280 (2)  [4, 8, 263, 634]
281 (2)  [5, 262, 605, 858]
282 (2)  [2, 7, 600, 858]
283 (3)  [8, 285, 401, 877]
284 (2)  [15, 187, 197, 637]
285 (2)  [6, 283, 386, 397, 507]
286 (3)  [2, 8, 15, 400, 685]
287 (2)  [6, 8, 15, 455, 575]
288 (2)  [5, 6, 433, 559, 570]
289 (2)  [5, 8, 340, 541, 656]
290 (3)  [8, 342, 356, 369, 396]
291 (2)  [6, 8, 371, 683, 871]
292 (2)  [2, 224, 365, 427, 466]
293 (2)  [6, 219, 632, 821, 861]
294 (2)  [8, 15, 366, 398, 620]
295 (2)  [7, 395, 498, 558, 748]
296 (2)  [15, 397, 478, 749, 793]
297 (3)  [4, 15, 303, 365, 696]
298 (2)  [8, 395, 399, 636, 682]
299 (3)  [15, 375, 863, 872, 875]
300 (2)  [7, 185, 353, 391, 394]
301 (3)  [7, 15, 375, 400, 873]
302 (2)  [5, 258, 618, 704, 785]
303 (2)  [7, 297, 387, 592, 705]
304 (2)  [5, 306, 376, 653, 804]
305 (2)  [15, 338, 675, 806, 834]
306 (2)  [3, 135, 304, 601, 800]
307 (2)  [6, 15, 260, 324, 516, 603]
308 (2)  [8, 15, 364, 610, 748, 833]
309 (2)  [4, 186, 357, 382, 399, 862]
310 (2)  [8, 15, 246, 386, 813, 838]
311 (2)  [5, 396, 714, 834, 855, 871]
312 (2)  [15, 277, 357, 358, 623, 845]
313 (2)  [4, 15, 464, 762, 819, 829]
314 (2)  [2, 4, 8, 333, 400, 552]
315 (2)  [15, 259, 328, 348, 538, 773]
316 (3)  [6, 15, 230, 355, 380, 854]
317 (2)  [3, 4, 206, 325, 412, 666]
318 (2)  [15, 355, 732, 814, 861, 874]
319 (2)  [2, 194, 271, 394, 630, 877]
320 (3)  [3, 234, 256, 350, 399, 803]
321 (2)  [7, 373, 388, 459, 582, 595]
322 (2)  [8, 256, 509, 840, 846, 864]
323 (2)  [5, 8, 606, 708, 860, 871]
324 (2)  [3, 236, 307, 401, 417, 743, 868]
325 (2)  [2, 5, 8, 317, 346, 352, 581]
326 (2)  [4, 15, 267, 343, 542, 578, 795]
327 (2)  [15, 379, 395, 425, 476, 823, 867]
328 (2)  [8, 315, 357, 362, 379, 384, 687]
329 (2)  [8, 115, 224, 337, 361, 458, 876]
330 (3)  [7, 8, 382, 398, 827, 843, 850]
331 (2)  [6, 15, 397, 401, 445, 477, 736]
332 (2)  [8, 193, 201, 401, 577, 700, 765]
333 (2)  [3, 8, 132, 314, 760, 800, 868]
334 (2)  [4, 251, 341, 389, 398, 573, 757]
335 (2)  [15, 360, 384, 711, 735, 824, 832]
336 (2)  [4, 15, 537, 703, 712, 803, 825]
337 (2)  [4, 15, 329, 355, 382, 401, 409, 572]
338 (2)  [5, 6, 305, 379, 399, 419, 431, 692]
339 (2)  [5, 15, 155, 382, 524, 561, 801, 876]
340 (2)  [8, 15, 126, 289, 343, 378, 399, 783]
341 (2)  [5, 15, 334, 374, 390, 583, 593, 825]
342 (2)  [3, 290, 347, 394, 401, 649, 701, 853]
343 (2)  [6, 326, 340, 386, 398, 429, 688, 702]
344 (2)  [2, 5, 188, 529, 548, 571, 804, 833]
345 (2)  [4, 6, 15, 207, 399, 757, 790, 866]
346 (2)  [5, 325, 361, 401, 621, 733, 763, 809]
347 (2)  [6, 7, 15, 342, 381, 401, 447, 689, 709]
348 (2)  [8, 15, 315, 359, 382, 517, 602, 698, 875]
349 (2)  [2, 15, 353, 396, 678, 750, 789, 805, 823]
350 (2)  [3, 6, 214, 266, 279, 320, 397, 796, 859]
351 (3)  [1, 6, 8, 203, 273, 378, 847, 869, 877]
352 (2)  [8, 207, 325, 373, 564, 657, 659, 676, 796]
353 (2)  [7, 300, 349, 359, 545, 745, 758, 787, 827]
354 (2)  [2, 5, 6, 370, 380, 451, 475, 631, 847]
355 (2)  [15, 316, 318, 337, 360, 399, 667, 769, 870]
356 (2)  [8, 210, 290, 362, 376, 385, 834, 862, 874]
357 (2)  [7, 309, 312, 328, 384, 388, 390, 787, 817]
358 (2)  [15, 228, 312, 363, 481, 579, 594, 647, 707]
359 (2)  [7, 171, 227, 275, 348, 353, 386, 401, 469, 774]
360 (2)  [8, 209, 335, 355, 389, 617, 686, 796, 805, 873]
361 (2)  [8, 122, 329, 346, 382, 437, 500, 723, 798, 842]
362 (2)  [8, 328, 356, 395, 457, 551, 560, 740, 768, 771]
363 (2)  [1, 2, 358, 414, 430, 456, 474, 531, 802, 822]
364 (2)  [8, 237, 308, 391, 549, 566, 633, 641, 785, 848]
365 (2)  [7, 8, 15, 152, 167, 292, 297, 389, 668, 760, 877]
366 (2)  [8, 253, 294, 393, 397, 527, 706, 719, 720, 812, 835]
367 (2)  [1, 3, 7, 244, 394, 530, 619, 737, 769, 799, 875]
368 (2)  [15, 134, 277, 395, 399, 556, 685, 713, 774, 867, 873]
369 (2)  [7, 8, 114, 290, 397, 401, 421, 520, 585, 711, 808]
370 (2)  [4, 267, 354, 385, 480, 597, 625, 674, 769, 830, 837]
371 (2)  [15, 291, 395, 441, 483, 686, 715, 774, 802, 825, 845]
372 (2)  [4, 7, 253, 380, 490, 528, 609, 697, 698, 701, 822, 828, 851]
373 (2)  [8, 15, 208, 254, 261, 271, 321, 352, 420, 689, 766, 842, 871]
374 (2)  [6, 15, 181, 269, 341, 379, 393, 496, 567, 670, 731, 792, 849]
375 (2)  [4, 245, 299, 301, 376, 563, 628, 661, 672, 833, 850, 851, 869]
376 (2)  [1, 5, 8, 214, 304, 356, 375, 461, 471, 771, 816, 820, 853]
377 (2)  [3, 141, 230, 383, 389, 462, 525, 553, 569, 586, 639, 744, 872]
378 (2)  [7, 15, 178, 202, 234, 269, 340, 351, 399, 408, 422, 450, 493, 778]
379 (2)  [6, 15, 203, 327, 328, 338, 374, 397, 398, 439, 519, 826, 846, 865]
380 (2)  [1, 7, 15, 265, 316, 354, 372, 399, 488, 522, 779, 780, 808, 872]
381 (2)  [2, 6, 8, 242, 347, 390, 393, 482, 540, 607, 751, 758, 768, 788, 868]
382 (2)  [3, 4, 147, 309, 330, 337, 339, 348, 361, 554, 699, 754, 783, 868, 877]
383 (2)  [8, 118, 119, 196, 377, 400, 423, 424, 442, 532, 665, 729, 784, 837, 857, 865]
384 (2)  [6, 7, 221, 328, 335, 357, 387, 395, 401, 660, 671, 710, 731, 752, 770, 820, 864]
385 (2)  [15, 158, 201, 215, 356, 370, 392, 449, 454, 468, 611, 645, 721, 730, 738, 777, 786]
386 (2)  [4, 6, 229, 250, 258, 285, 310, 343, 359, 486, 502, 608, 615, 782, 826, 841, 854, 873]
387 (2)  [5, 6, 7, 15, 221, 303, 384, 395, 405, 413, 472, 485, 544, 629, 681, 795, 841, 842, 877]
388 (2)  [1, 7, 8, 252, 279, 321, 357, 400, 453, 574, 694, 718, 764, 838, 844, 869, 874, 876, 877]
389 (2)  [8, 15, 334, 360, 365, 377, 397, 418, 432, 470, 550, 598, 650, 654, 662, 695, 746, 797, 807, 877]
390 (2)  [3, 5, 183, 222, 241, 341, 357, 381, 392, 393, 426, 599, 680, 696, 699, 734, 791, 814, 821, 857]
391 (2)  [4, 15, 212, 300, 364, 392, 407, 411, 435, 501, 510, 511, 576, 648, 669, 778, 793, 843, 849, 862]
392 (2)  [15, 264, 385, 390, 391, 394, 401, 443, 479, 539, 612, 673, 679, 764, 767, 777, 792, 850, 859, 860, 876]
393 (2)  [4, 6, 15, 123, 366, 374, 381, 390, 497, 543, 546, 587, 589, 622, 651, 730, 754, 767, 775, 785, 830]
394 (2)  [8, 227, 300, 319, 342, 367, 392, 401, 415, 460, 484, 503, 515, 523, 526, 726, 776, 792, 794, 802, 816, 861]
395 (2)  [7, 8, 116, 215, 295, 298, 327, 362, 368, 371, 384, 387, 434, 506, 521, 535, 604, 664, 681, 703, 716, 729, 811]
396 (2)  [4, 7, 8, 151, 160, 195, 223, 274, 290, 311, 349, 397, 404, 410, 465, 533, 684, 690, 761, 781, 842, 872, 875]
397 (2)  [5, 170, 204, 222, 270, 285, 296, 331, 350, 366, 369, 379, 389, 396, 399, 562, 596, 677, 693, 727, 775, 784, 812, 813, 831, 870]
398 (2)  [3, 8, 15, 219, 251, 257, 294, 330, 334, 343, 379, 400, 402, 452, 463, 467, 557, 590, 640, 655, 722, 755, 770, 791, 797, 818, 819, 865, 871, 872]
399 (2)  [6, 15, 174, 213, 231, 240, 268, 273, 298, 309, 320, 338, 340, 345, 355, 368, 378, 380, 397, 440, 508, 591, 635, 658, 691, 717, 753, 759, 828, 839, 866, 875]
400 (2)  [1, 4, 6, 125, 133, 209, 216, 220, 286, 301, 314, 383, 388, 398, 401, 436, 446, 489, 494, 499, 513, 580, 680, 704, 709, 737, 739, 771, 788, 818, 839, 849, 860, 873, 875, 877]
401 (2)  [5, 15, 168, 200, 211, 225, 252, 262, 265, 283, 324, 331, 332, 337, 342, 346, 347, 359, 369, 384, 392, 394, 400, 403, 406, 416, 473, 504, 505, 534, 536, 555, 584, 613, 614, 627, 652, 678, 692, 728, 782, 827, 832, 844, 855, 863, 876]
402 (3)  [398]
403 (3)  [401]
404 (3)  [396]
405 (3)  [387]
406 (3)  [401]
407 (3)  [391]
408 (3)  [378]
409 (3)  [337]
410 (3)  [396]
411 (3)  [391]
412 (3)  [317]
413 (3)  [387]
414 (3)  [363]
415 (3)  [394]
416 (3)  [401]
417 (3)  [324]
418 (3)  [389]
419 (3)  [338]
420 (3)  [373]
421 (3)  [369]
422 (3)  [378]
423 (3)  [383]
424 (3)  [383]
425 (3)  [327]
426 (3)  [390]
427 (3)  [292]
428 (3)  [143]
429 (3)  [343]
430 (3)  [363]
431 (3)  [338]
432 (3)  [389]
433 (3)  [288]
434 (3)  [395]
435 (3)  [391]
436 (3)  [400]
437 (3)  [361]
438 (3)  [256]
439 (3)  [379]
440 (3)  [399]
441 (3)  [371]
442 (3)  [383]
443 (3)  [392]
444 (3)  [231]
445 (3)  [331]
446 (3)  [400]
447 (3)  [347]
448 (3)  [253]
449 (3)  [385]
450 (3)  [378]
451 (3)  [354]
452 (3)  [398]
453 (3)  [388]
454 (3)  [385]
455 (3)  [287]
456 (3)  [363]
457 (3)  [362]
458 (3)  [329]
459 (3)  [321]
460 (3)  [394]
461 (3)  [376]
462 (3)  [377]
463 (3)  [398]
464 (3)  [313]
465 (3)  [396]
466 (3)  [292]
467 (3)  [398]
468 (3)  [385]
469 (3)  [359]
470 (3)  [389]
471 (3)  [376]
472 (3)  [387]
473 (3)  [401]
474 (3)  [363]
475 (3)  [354]
476 (3)  [327]
477 (3)  [331]
478 (3)  [296]
479 (3)  [392]
480 (3)  [370]
481 (3)  [358]
482 (3)  [381]
483 (3)  [371]
484 (3)  [394]
485 (3)  [387]
486 (3)  [386]
487 (3)  [278]
488 (3)  [380]
489 (3)  [400]
490 (3)  [372]
491 (3)  [239]
492 (3)  [226]
493 (3)  [378]
494 (3)  [400]
495 (3)  [169]
496 (3)  [374]
497 (3)  [393]
498 (3)  [295]
499 (3)  [400]
500 (3)  [361]
501 (3)  [391]
502 (3)  [386]
503 (3)  [394]
504 (3)  [401]
505 (3)  [401]
506 (3)  [395]
507 (3)  [285]
508 (3)  [399]
509 (3)  [322]
510 (3)  [391]
511 (3)  [391]
512 (3)  [270]
513 (3)  [400]
514 (3)  [173]
515 (3)  [394]
516 (3)  [307]
517 (3)  [348]
518 (3)  [242]
519 (3)  [379]
520 (3)  [369]
521 (3)  [395]
522 (3)  [380]
523 (3)  [394]
524 (3)  [339]
525 (3)  [377]
526 (3)  [394]
527 (3)  [366]
528 (3)  [372]
529 (3)  [344]
530 (3)  [367]
531 (3)  [363]
532 (3)  [383]
533 (3)  [396]
534 (3)  [401]
535 (3)  [395]
536 (3)  [401]
537 (3)  [336]
538 (3)  [315]
539 (3)  [392]
540 (3)  [381]
541 (3)  [289]
542 (3)  [326]
543 (3)  [393]
544 (3)  [387]
545 (3)  [353]
546 (3)  [393]
547 (3)  [241]
548 (3)  [344]
549 (3)  [364]
550 (3)  [389]
551 (3)  [362]
552 (3)  [314]
553 (3)  [377]
554 (3)  [382]
555 (3)  [401]
556 (3)  [368]
557 (3)  [398]
558 (3)  [295]
559 (3)  [288]
560 (3)  [362]
561 (3)  [339]
562 (3)  [397]
563 (3)  [375]
564 (3)  [352]
565 (3)  [276]
566 (3)  [364]
567 (3)  [374]
568 (3)  [212]
569 (3)  [377]
570 (3)  [288]
571 (3)  [344]
572 (3)  [337]
573 (3)  [334]
574 (3)  [388]
575 (3)  [287]
576 (3)  [391]
577 (3)  [332]
578 (3)  [326]
579 (3)  [358]
580 (3)  [400]
581 (3)  [325]
582 (3)  [321]
583 (3)  [341]
584 (3)  [401]
585 (3)  [369]
586 (3)  [377]
587 (3)  [393]
588 (3)  [232]
589 (3)  [393]
590 (3)  [398]
591 (3)  [399]
592 (3)  [303]
593 (3)  [341]
594 (3)  [358]
595 (3)  [321]
596 (3)  [397]
597 (3)  [370]
598 (3)  [389]
599 (3)  [390]
600 (3)  [282]
601 (3)  [306]
602 (3)  [348]
603 (3)  [307]
604 (3)  [395]
605 (3)  [281]
606 (3)  [323]
607 (3)  [381]
608 (3)  [386]
609 (3)  [372]
610 (3)  [308]
611 (3)  [385]
612 (3)  [392]
613 (3)  [401]
614 (3)  [401]
615 (3)  [386]
616 (3)  [235]
617 (3)  [360]
618 (3)  [302]
619 (3)  [367]
620 (3)  [294]
621 (3)  [346]
622 (3)  [393]
623 (3)  [312]
624 (3)  [146]
625 (3)  [370]
626 (3)  [153]
627 (3)  [401]
628 (3)  [375]
629 (3)  [387]
630 (3)  [319]
631 (3)  [354]
632 (3)  [293]
633 (3)  [364]
634 (3)  [280]
635 (3)  [399]
636 (3)  [298]
637 (3)  [284]
638 (3)  [268]
639 (3)  [377]
640 (3)  [398]
641 (3)  [364]
642 (3)  [252]
643 (3)  [238]
644 (3)  [200]
645 (3)  [385]
646 (3)  [272]
647 (3)  [358]
648 (3)  [391]
649 (3)  [342]
650 (3)  [389]
651 (3)  [393]
652 (3)  [401]
653 (3)  [304]
654 (3)  [389]
655 (3)  [398]
656 (3)  [289]
657 (3)  [352]
658 (3)  [399]
659 (3)  [352]
660 (3)  [384]
661 (3)  [375]
662 (3)  [389]
663 (3)  [267]
664 (3)  [395]
665 (3)  [383]
666 (3)  [317]
667 (3)  [355]
668 (3)  [365]
669 (3)  [391]
670 (3)  [374]
671 (3)  [384]
672 (3)  [375]
673 (3)  [392]
674 (3)  [370]
675 (3)  [305]
676 (3)  [352]
677 (4)  [397, 829]
678 (3)  [349, 401]
679 (4)  [392, 734]
680 (3)  [390, 400]
681 (3)  [387, 395]
682 (3)  [255, 298]
683 (4)  [291, 778]
684 (3)  [175, 396]
685 (4)  [286, 368]
686 (3)  [360, 371]
687 (4)  [328, 851]
688 (3)  [343, 969]
689 (3)  [347, 373]
690 (4)  [396, 871]
691 (4)  [399, 801]
692 (3)  [338, 401]
693 (4)  [243, 397]
694 (4)  [388, 855]
695 (3)  [389, 909]
696 (4)  [297, 390]
697 (4)  [220, 372]
698 (3)  [348, 372]
699 (3)  [382, 390]
700 (4)  [332, 831]
701 (3)  [342, 372]
702 (3)  [205, 343]
703 (3)  [336, 395]
704 (3)  [302, 400]
705 (3)  [154, 303]
706 (4)  [366, 870]
707 (4)  [358, 871]
708 (4)  [323, 846]
709 (3)  [347, 400]
710 (4)  [384, 759]
711 (3)  [335, 369]
712 (4)  [336, 874]
713 (4)  [368, 824]
714 (4)  [311, 868]
715 (3)  [371, 989]
716 (4)  [395, 877]
717 (3)  [399, 910]
718 (4)  [388, 835]
719 (3)  [205, 366]
720 (3)  [278, 366]
721 (4)  [385, 865]
722 (4)  [398, 839]
723 (4)  [361, 844]
724 (4)  [275, 848]
725 (4)  [157, 865]
726 (4)  [394, 873]
727 (4)  [397, 828]
728 (4)  [401, 779]
729 (3)  [383, 395]
730 (3)  [385, 393]
731 (3)  [374, 384]
732 (4)  [318, 869]
733 (4)  [271, 346]
734 (3)  [390, 679]
735 (4)  [335, 849]
736 (4)  [331, 828]
737 (3)  [367, 400]
738 (4)  [385, 869]
739 (4)  [400, 745]
740 (4)  [362, 807]
741 (4)  [162, 260]
742 (4)  [166, 876]
743 (4)  [324, 795]
744 (3)  [275, 377]
745 (3)  [353, 739]
746 (4)  [389, 830]
747 (4)  [192, 810]
748 (3)  [295, 308]
749 (4)  [296, 877]
750 (4)  [349, 874]
751 (3)  [381, 954]
752 (4)  [384, 812]
753 (3)  [172, 399]
754 (3)  [382, 393]
755 (3)  [276, 398]
756 (4)  [229, 259]
757 (3)  [334, 345]
758 (3)  [353, 381]
759 (3)  [399, 710]
760 (3)  [333, 365]
761 (4)  [396, 798]
762 (4)  [313, 822]
763 (4)  [244, 346]
764 (3)  [388, 392]
765 (3)  [332, 960]
766 (4)  [373, 840]
767 (3)  [392, 393]
768 (3)  [362, 381, 901]
769 (3)  [355, 367, 370]
770 (3)  [226, 384, 398]
771 (3)  [362, 376, 400]
772 (4)  [211, 862, 873]
773 (3)  [315, 870, 948]
774 (3)  [359, 368, 371]
775 (4)  [393, 397, 877]
776 (3)  [394, 863, 976]
777 (4)  [385, 392, 840]
778 (3)  [378, 391, 683]
779 (3)  [380, 728, 872]
780 (4)  [156, 380, 854]
781 (4)  [396, 821, 845]
782 (3)  [386, 401, 942]
783 (3)  [340, 382, 912]
784 (4)  [383, 397, 871]
785 (3)  [302, 364, 393]
786 (4)  [274, 385, 836]
787 (4)  [353, 357, 877]
788 (4)  [381, 400, 866]
789 (3)  [349, 848, 955]
790 (4)  [216, 277, 345]
791 (4)  [390, 398, 852]
792 (3)  [374, 392, 394]
793 (3)  [296, 391, 924]
794 (3)  [394, 970, 977]
795 (3)  [326, 387, 743]
796 (3)  [350, 352, 360]
797 (3)  [389, 398, 967]
798 (3)  [361, 761, 845]
799 (3)  [367, 875, 906]
800 (4)  [306, 333, 877]
801 (3)  [339, 691, 832]
802 (3)  [363, 371, 394]
803 (4)  [320, 336, 866]
804 (3)  [248, 304, 344]
805 (4)  [349, 360, 874]
806 (4)  [305, 870, 872]
807 (3)  [389, 740, 855]
808 (4)  [269, 369, 380]
809 (4)  [260, 346, 860]
810 (3)  [262, 747, 856]
811 (3)  [395, 973, 983]
812 (3)  [366, 397, 752]
813 (3)  [310, 397, 956]
814 (3)  [318, 390, 931]
815 (4)  [199, 864, 990]
816 (3)  [376, 394, 985]
817 (3)  [357, 846, 947]
818 (4)  [398, 400, 857, 974]
819 (3)  [273, 313, 398, 928]
820 (3)  [376, 384, 953, 986]
821 (3)  [255, 293, 390, 781]
822 (3)  [363, 372, 762, 959]
823 (3)  [327, 349, 864, 892]
824 (3)  [335, 713, 866, 873]
825 (4)  [336, 341, 371, 873]
826 (3)  [379, 386, 899, 984]
827 (4)  [330, 353, 401, 871]
828 (3)  [372, 399, 727, 736]
829 (3)  [313, 677, 856, 916]
830 (3)  [370, 393, 746, 836]
831 (3)  [397, 700, 972, 990]
832 (3)  [335, 401, 801, 965]
833 (3)  [233, 308, 344, 375]
834 (4)  [305, 311, 356, 867]
835 (3)  [246, 366, 718, 904]
836 (3)  [240, 786, 830, 927]
837 (3)  [370, 383, 925, 963]
838 (4)  [310, 388, 854, 862, 871]
839 (3)  [399, 400, 722, 877, 888]
840 (3)  [322, 766, 777, 868, 914]
841 (3)  [176, 263, 386, 387, 919]
842 (4)  [213, 361, 373, 387, 396]
843 (3)  [330, 391, 917, 949, 988]
844 (3)  [388, 401, 723, 852, 875]
845 (3)  [312, 371, 781, 798, 943]
846 (3)  [322, 379, 708, 817, 870]
847 (3)  [351, 354, 898, 908, 982]
848 (3)  [239, 364, 724, 789, 952]
849 (3)  [374, 391, 400, 735, 907]
850 (4)  [330, 375, 392, 864, 865, 973]
851 (3)  [372, 375, 687, 867, 875, 964]
852 (3)  [130, 791, 844, 870, 945, 974]
853 (3)  [142, 257, 342, 376, 923, 968]
854 (3)  [233, 316, 386, 780, 838, 962]
855 (3)  [311, 401, 694, 807, 957, 983]
856 (3)  [120, 179, 810, 829, 862, 913]
857 (3)  [383, 390, 818, 868, 875, 990]
858 (3)  [266, 281, 282, 876, 897, 986]
859 (3)  [350, 392, 893, 929, 980, 987]
860 (3)  [323, 392, 400, 809, 932, 936]
861 (3)  [245, 293, 318, 394, 902, 938, 975]
862 (4)  [131, 309, 356, 391, 772, 838, 856]
863 (3)  [299, 401, 776, 876, 894, 935, 979]
864 (3)  [322, 384, 815, 823, 850, 866, 887, 944]
865 (3)  [379, 383, 398, 721, 725, 850, 869, 879, 920]
866 (3)  [254, 345, 399, 788, 803, 824, 864, 884, 922]
867 (3)  [327, 368, 834, 851, 871, 874, 941, 978, 989]
868 (3)  [204, 324, 333, 381, 382, 714, 840, 857, 883, 950]
869 (3)  [351, 375, 388, 732, 738, 865, 903, 921, 930, 980]
870 (3)  [355, 397, 706, 773, 806, 846, 852, 891, 905, 933, 985]
871 (3)  [291, 311, 323, 373, 398, 690, 707, 784, 827, 838, 867, 882]
872 (3)  [138, 299, 377, 380, 396, 398, 779, 806, 874, 885, 918, 940, 977, 979]
873 (3)  [301, 360, 368, 386, 400, 726, 772, 824, 825, 895, 915, 926, 934, 951]
874 (3)  [159, 191, 218, 318, 356, 388, 712, 750, 805, 867, 872, 890, 961, 984]
875 (3)  [139, 259, 299, 348, 367, 396, 399, 400, 799, 844, 851, 857, 880, 900, 939, 971, 972]
876 (3)  [165, 228, 279, 329, 339, 388, 392, 401, 742, 858, 863, 881, 886, 889, 911, 946, 966, 975, 981]
877 (3)  [127, 128, 148, 283, 319, 351, 365, 382, 387, 388, 389, 400, 716, 749, 775, 787, 800, 839, 878, 896, 937, 958, 987]
878 (4)  [877]
879 (4)  [865]
880 (4)  [875]
881 (4)  [876]
882 (4)  [871]
883 (4)  [868]
884 (4)  [866]
885 (4)  [872]
886 (4)  [876]
887 (4)  [864]
888 (4)  [839]
889 (4)  [876]
890 (4)  [874]
891 (4)  [870]
892 (4)  [823]
893 (4)  [859]
894 (4)  [863]
895 (4)  [873]
896 (4)  [877]
897 (4)  [858]
898 (4)  [847]
899 (4)  [826]
900 (4)  [875]
901 (4)  [768]
902 (4)  [861]
903 (4)  [869]
904 (4)  [835]
905 (4)  [870]
906 (4)  [799]
907 (4)  [849]
908 (4)  [847]
909 (4)  [695]
910 (4)  [717]
911 (4)  [876]
912 (4)  [783]
913 (4)  [856]
914 (4)  [840]
915 (4)  [873]
916 (4)  [829]
917 (4)  [843]
918 (4)  [872]
919 (4)  [841]
920 (4)  [865]
921 (4)  [869]
922 (4)  [866]
923 (4)  [853]
924 (4)  [793]
925 (4)  [837]
926 (4)  [873]
927 (4)  [836]
928 (4)  [819]
929 (4)  [859]
930 (4)  [869]
931 (4)  [814]
932 (4)  [860]
933 (4)  [870]
934 (4)  [873]
935 (4)  [863]
936 (4)  [860]
937 (4)  [877]
938 (4)  [861]
939 (4)  [875]
940 (4)  [872]
941 (4)  [867]
942 (4)  [782]
943 (4)  [845]
944 (4)  [864]
945 (4)  [852]
946 (4)  [876]
947 (4)  [817]
948 (4)  [773]
949 (4)  [843]
950 (4)  [868]
951 (4)  [873]
952 (4)  [848]
953 (4)  [820]
954 (4)  [751]
955 (4)  [789]
956 (4)  [813]
957 (4)  [855]
958 (4)  [877]
959 (4)  [822]
960 (4)  [765]
961 (4)  [874]
962 (4)  [854]
963 (4)  [837]
964 (4)  [851]
965 (4)  [832]
966 (4)  [876]
967 (4)  [797]
968 (4)  [853]
969 (4)  [688]
970 (4)  [794]
971 (4)  [875, 998]
972 (4)  [831, 875]
973 (5)  [811, 850]
974 (5)  [818, 852]
975 (4)  [861, 876]
976 (4)  [776, 992]
977 (4)  [794, 872]
978 (4)  [867, 997]
979 (4)  [863, 872]
980 (4)  [859, 869]
981 (4)  [876, 994]
982 (5)  [847, 986]
983 (4)  [811, 855]
984 (4)  [826, 874]
985 (4)  [816, 870]
986 (4)  [820, 858, 982]
987 (4)  [859, 877, 991]
988 (4)  [843, 993, 996]
989 (4)  [715, 867, 995]
990 (5)  [815, 831, 857]
991 (5)  [987]
992 (5)  [976]
993 (5)  [988]
994 (5)  [981]
995 (5)  [989]
996 (5)  [988]
997 (5)  [978]
998 (5)  [971, 999]
999 (6)  [998]
